4.469	3.453	2.457	0.93	0.01	-0.188	-0.495
3.846	2.959	2.253	1.054	0.019	-0.296	-0.568
0.732	0.966	1.012	0.714	-0.013	-0.292	-0.567
0.181	0.256	0.35	0.297	-0.014	-0.296	-0.567
0.677	0.515	0.449	0.209	-0.055	-0.296	-0.567
1.545	0.838	0.526	0.172	-0.058	-0.296	-0.567
3.682	2.017	1.371	0.507	-0.053	-0.296	-0.568
1.684	1.211	0.998	0.527	-0.02	-0.296	-0.567
2.503	1.465	1.049	0.444	-0.058	-0.296	-0.567
3.021	1.985	1.443	0.598	-0.02	-0.297	-0.538
2.263	1.708	1.323	0.606	-0.02	-0.296	-0.534
1.946	1.491	1.207	0.604	-0.02	-0.296	-0.529
3.03	1.888	1.268	0.485	-0.04	-0.296	-0.528
5.264	3.227	2.152	0.824	-0.026	-0.303	-0.535
4.468	3.321	2.464	1.11	-0.024	-0.303	-0.535
3.895	2.816	2.176	1.092	0.019	-0.296	-0.528
1.513	1.892	1.756	0.985	0.002	-0.296	-0.528
0.37	0.586	0.68	0.528	-0.015	-0.296	-0.528
0.138	0.179	0.238	0.181	-0.052	-0.289	-0.521
0.011	-0.012	0.042	0.066	-0.051	-0.289	-0.521
-0.011	-0.073	0.003	-0.013	-0.052	-0.289	-0.521
-0.013	-0.055	-0.037	-0.013	-0.052	-0.289	-0.521
-0.013	-0.063	-0.037	-0.013	-0.052	-0.289	-0.521
-0.013	-0.08	-0.037	-0.013	-0.054	-0.289	-0.521
-0.052	-0.092	-0.037	-0.013	-0.09	-0.289	-0.521
-0.052	-0.092	-0.037	-0.013	-0.091	-0.289	-0.521
-0.071	-0.092	-0.037	-0.013	-0.091	-0.289	-0.521
-0.13	-0.092	-0.037	-0.013	-0.091	-0.289	-0.521
-0.052	-0.092	-0.037	-0.013	-0.091	-0.289	-0.518
-0.059	-0.092	-0.037	-0.013	-0.091	-0.289	-0.521
-0.13	-0.092	-0.037	-0.013	-0.091	-0.289	-0.521
-0.091	-0.092	-0.037	-0.013	-0.091	-0.289	-0.521
-0.091	-0.092	-0.037	-0.013	-0.091	-0.289	-0.521
-0.13	-0.092	-0.037	-0.013	-0.091	-0.289	-0.521
-0.13	-0.092	-0.037	-0.013	-0.091	-0.289	-0.521
-0.208	-0.126	-0.037	-0.013	-0.091	-0.289	-0.521
-0.164	-0.092	-0.037	-0.013	-0.092	-0.289	-0.521
-0.13	-0.092	-0.037	-0.013	-0.107	-0.289	-0.521
-0.208	-0.131	-0.037	-0.013	-0.129	-0.291	-0.521
-0.169	-0.124	-0.037	-0.013	-0.13	-0.293	-0.521
-0.091	-0.092	-0.037	-0.013	-0.13	-0.302	-0.521
-0.208	-0.131	-0.037	-0.013	-0.13	-0.304	-0.521
-0.212	-0.131	-0.037	-0.013	-0.13	-0.328	-0.521
-0.208	-0.131	-0.037	-0.013	-0.13	-0.329	-0.521
-0.169	-0.131	-0.037	-0.013	-0.13	-0.329	-0.521
-0.169	-0.131	-0.037	-0.013	-0.13	-0.329	-0.521
-0.145	-0.131	-0.037	-0.013	-0.13	-0.329	-0.521
-0.082	-0.092	-0.037	-0.013	-0.13	-0.329	-0.522
-0.076	-0.092	-0.037	-0.013	-0.13	-0.329	-0.521
-0.052	-0.092	-0.037	-0.013	-0.13	-0.329	-0.522
-0.014	-0.093	-0.039	-0.016	-0.135	-0.335	-0.523
-0.013	-0.092	-0.037	-0.013	-0.13	-0.329	-0.523
-0.013	-0.088	-0.037	-0.013	-0.13	-0.333	-0.525
-0.013	-0.092	-0.037	-0.013	-0.13	-0.329	-0.522
-0.013	-0.092	-0.037	-0.013	-0.13	-0.329	-0.521
-0.006	-0.085	-0.03	-0.006	-0.123	-0.326	-0.52
-0.325	-0.127	-0.034	-0.01	-0.129	-0.329	-0.521
-0.568	-0.173	-0.027	-0.003	-0.161	-0.322	-0.515
-0.831	-0.28	-0.069	-0.006	-0.162	-0.322	-0.515
-0.379	-0.2	-0.037	-0.013	-0.143	-0.329	-0.521
-0.402	-0.199	-0.037	-0.013	-0.151	-0.329	-0.52
-0.404	-0.209	-0.037	-0.013	-0.164	-0.329	-0.521
-0.325	-0.17	-0.037	-0.013	-0.162	-0.329	-0.506
-0.404	-0.209	-0.037	-0.013	-0.169	-0.329	-0.515
-0.637	-0.248	-0.076	-0.013	-0.169	-0.329	-0.519
-0.637	-0.287	-0.076	-0.013	-0.169	-0.329	-0.519
-0.689	-0.326	-0.075	-0.011	-0.169	-0.329	-0.521
-0.878	-0.404	-0.074	-0.011	-0.169	-0.329	-0.521
-0.364	-0.21	-0.076	-0.013	-0.169	-0.329	-0.499
-0.443	-0.248	-0.076	-0.013	-0.169	-0.329	-0.512
-0.556	-0.278	-0.069	-0.006	-0.162	-0.322	-0.517
-0.838	-0.359	-0.103	-0.006	-0.163	-0.328	-0.521
-0.791	-0.359	-0.108	-0.006	-0.162	-0.326	-0.52
-0.364	-0.248	-0.076	-0.013	-0.169	-0.329	-0.498
-0.964	-0.404	-0.111	-0.007	-0.167	-0.329	-0.521
-2.726	-1.118	-0.264	-0.042	-0.162	-0.322	-0.515
-4.161	-2	-0.737	-0.039	-0.158	-0.321	-0.515
-1.688	-1.051	-0.546	-0.042	-0.169	-0.329	-0.504
-1.157	-0.71	-0.389	-0.047	-0.168	-0.329	-0.519
-1.157	-0.693	-0.383	-0.045	-0.162	-0.323	-0.518
-1.399	-0.794	-0.421	-0.045	-0.162	-0.322	-0.515
-1.434	-0.872	-0.461	-0.045	-0.162	-0.322	-0.515
-2.164	-1.158	-0.618	-0.039	-0.178	-0.349	-0.514
-2.672	-1.535	-0.856	-0.042	-0.186	-0.355	-0.515
-2.558	-1.511	-0.889	-0.04	-0.194	-0.355	-0.508
-3.471	-1.92	-1.098	-0.073	-0.194	-0.355	-0.508
-3.66	-2.164	-1.29	-0.077	-0.194	-0.355	-0.508
-3.034	-1.914	-1.216	-0.123	-0.201	-0.361	-0.515
-3.176	-1.917	-1.215	-0.155	-0.194	-0.355	-0.508
-3.61	-2.211	-1.458	-0.234	-0.194	-0.355	-0.508
-4.15	-2.536	-1.689	-0.351	-0.194	-0.355	-0.508
-3.726	-2.453	-1.742	-0.511	-0.194	-0.355	-0.508
-3.477	-2.343	-1.702	-0.634	-0.201	-0.361	-0.515
-3.434	-2.367	-1.742	-0.753	-0.199	-0.361	-0.515
-3.178	-2.292	-1.749	-0.832	-0.24	-0.361	-0.515
-2.377	-1.924	-1.546	-0.879	-0.325	-0.369	-0.521
-1.845	-1.54	-1.302	-0.839	-0.443	-0.446	-0.56
-1.927	-1.559	-1.303	-0.879	-0.561	-0.525	-0.6
-1.731	-1.478	-1.263	-0.917	-0.674	-0.638	-0.673
-2.094	-1.721	-1.43	-1.038	-0.799	-0.735	-0.758
-1.405	-1.403	-1.272	-1.081	-0.881	-0.843	-0.837
-0.101	-0.36	-0.389	-0.601	-0.802	-0.887	-0.921
-0.05	-0.287	-0.349	-0.522	-0.72	-0.812	-0.917
-0.117	-0.274	-0.339	-0.475	-0.673	-0.796	-0.905
-1.843	-0.893	-0.574	-0.469	-0.627	-0.75	-0.864
-3.261	-1.98	-1.405	-0.775	-0.667	-0.75	-0.864
-4.784	-3.131	-2.36	-1.341	-0.862	-0.827	-0.897
-6.031	-4.345	-3.463	-2.172	-1.3	-1.063	-1.016
-7.39	-5.621	-4.675	-3.223	-2.041	-1.555	-1.296
-8.27	-6.702	-5.836	-4.398	-3.041	-2.342	-1.861
-7.58	-6.654	-6.046	-5.037	-3.889	-3.169	-2.557
-7.78	-6.743	-6.185	-5.282	-4.344	-3.697	-3.115
-7.79	-6.872	-6.375	-5.603	-4.698	-4.106	-3.551
-8.87	-7.66	-7.05	-6.108	-5.101	-4.484	-3.893
-10.23	-8.73	-8	-6.853	-5.688	-4.969	-4.327
-10.28	-9.18	-8.56	-7.52	-6.314	-5.528	-4.82
-9.29	-8.62	-8.21	-7.5	-6.583	-5.905	-5.23
-8.84	-8.3	-7.96	-7.35	-6.631	-6.079	-5.458
-9.29	-8.53	-8.11	-7.45	-6.678	-6.172	-5.639
-10.57	-9.45	-8.86	-7.93	-6.982	-6.406	-5.817
-11.53	-10.3	-9.65	-8.62	-7.51	-6.829	-6.159
-12.57	-11.18	-10.48	-9.3	-8.08	-7.31	-6.561
-13.1	-11.8	-11.14	-9.96	-8.66	-7.81	-7.04
-11.59	-11.03	-10.66	-9.93	-8.95	-8.2	-7.43
-10.89	-10.46	-10.14	-9.57	-8.84	-8.25	-7.6
-10.59	-10.16	-9.86	-9.36	-8.69	-8.2	-7.63
-10.99	-10.32	-9.96	-9.36	-8.69	-8.2	-7.67
-11.72	-10.91	-10.44	-9.72	-8.89	-8.34	-7.77
-11.22	-10.78	-10.46	-9.88	-9.1	-8.55	-7.97
-10.73	-10.38	-10.1	-9.66	-9.05	-8.6	-8.07
-11.36	-10.64	-10.25	-9.67	-9.05	-8.6	-8.11
-12.13	-11.29	-10.82	-10.09	-9.26	-8.75	-8.21
-11.95	-11.35	-10.98	-10.31	-9.55	-9	-8.41
-12.11	-11.4	-10.98	-10.36	-9.62	-9.11	-8.56
-12.92	-11.96	-11.48	-10.7	-9.87	-9.31	-8.73
-13.45	-12.48	-11.98	-11.14	-10.2	-9.58	-8.97
-13.46	-12.65	-12.21	-11.45	-10.52	-9.89	-9.22
-13.64	-12.77	-12.3	-11.56	-10.68	-10.05	-9.43
-14.25	-13.3	-12.79	-11.91	-10.95	-10.32	-9.64
-14.99	-13.9	-13.32	-12.36	-11.31	-10.61	-9.91
-15.13	-14.14	-13.62	-12.75	-11.67	-10.96	-10.22
-16.29	-14.97	-14.3	-13.22	-12.02	-11.25	-10.52
-17.05	-15.77	-15.05	-13.9	-12.58	-11.69	-10.86
-15.91	-15.21	-14.76	-13.96	-12.88	-12.09	-11.25
-14.99	-14.52	-14.19	-13.6	-12.77	-12.1	-11.42
-13.93	-13.71	-13.51	-13.13	-12.53	-11.98	-11.39
-12.81	-12.82	-12.72	-12.54	-12.14	-11.76	-11.26
-12.75	-12.54	-12.39	-12.14	-11.8	-11.48	-11.08
-12.93	-12.65	-12.45	-12.08	-11.63	-11.31	-10.92
-12.99	-12.66	-12.45	-12.08	-11.62	-11.25	-10.87
-11.85	-12	-11.97	-11.85	-11.51	-11.21	-10.85
-11.02	-11.24	-11.26	-11.24	-11.13	-10.97	-10.71
-10.46	-10.64	-10.66	-10.74	-10.72	-10.63	-10.44
-10.4	-10.54	-10.51	-10.53	-10.43	-10.37	-10.19
-10.03	-10.22	-10.23	-10.26	-10.2	-10.17	-10.02
-9.71	-9.9	-9.91	-9.94	-9.94	-9.91	-9.81
-9.92	-9.92	-9.86	-9.83	-9.78	-9.74	-9.65
-9.35	-9.65	-9.7	-9.73	-9.73	-9.64	-9.54
-8.99	-9.22	-9.23	-9.36	-9.43	-9.43	-9.39
-9.51	-9.45	-9.39	-9.31	-9.31	-9.28	-9.23
-9.61	-9.58	-9.54	-9.41	-9.31	-9.27	-9.13
-9.28	-9.38	-9.34	-9.31	-9.26	-9.22	-9.13
-9.43	-9.38	-9.34	-9.26	-9.19	-9.12	-9.03
-10.3	-9.95	-9.75	-9.47	-9.25	-9.11	-9.02
-10.88	-10.48	-10.22	-9.87	-9.51	-9.3	-9.07
-11.16	-10.8	-10.54	-10.14	-9.77	-9.48	-9.23
-11.61	-11.18	-10.87	-10.41	-9.96	-9.69	-9.38
-11.77	-11.29	-10.98	-10.57	-10.13	-9.84	-9.54
-12.92	-12.09	-11.68	-11.06	-10.41	-10.05	-9.69
-14.26	-13.15	-12.61	-11.76	-10.91	-10.42	-9.95
-15.28	-14.08	-13.5	-12.54	-11.55	-10.91	-10.37
-15.97	-14.79	-14.17	-13.2	-12.12	-11.45	-10.8
-16.11	-15.08	-14.54	-13.66	-12.59	-11.92	-11.2
-15.91	-15.08	-14.61	-13.84	-12.88	-12.2	-11.53
-16.45	-15.45	-14.92	-14.08	-13.11	-12.44	-11.81
-16.92	-15.85	-15.3	-14.44	-13.41	-12.73	-12.07
-17.37	-16.25	-15.72	-14.83	-13.78	-13.08	-12.36
-17.26	-16.39	-15.89	-15.09	-14.09	-13.38	-12.63
-16.4	-15.88	-15.57	-14.97	-14.15	-13.5	-12.84
-15.59	-15.25	-14.99	-14.59	-13.97	-13.5	-12.9
-14.81	-14.64	-14.49	-14.18	-13.73	-13.33	-12.85
-14.5	-14.3	-14.14	-13.87	-13.48	-13.15	-12.73
-14.02	-13.9	-13.8	-13.58	-13.24	-12.97	-12.57
-14.19	-13.9	-13.75	-13.42	-13.07	-12.79	-12.44
-13.52	-13.54	-13.45	-13.3	-13.01	-12.74	-12.39
-12.75	-12.89	-12.85	-12.83	-12.66	-12.5	-12.26
-12.35	-12.44	-12.45	-12.42	-12.37	-12.26	-12.04
-12.41	-12.4	-12.33	-12.25	-12.14	-12.04	-11.86
-12.81	-12.6	-12.45	-12.25	-12.08	-11.93	-11.7
-13.33	-12.94	-12.73	-12.45	-12.13	-11.92	-11.7
-13.76	-13.36	-13.08	-12.71	-12.3	-12.04	-11.75
-14.01	-13.6	-13.32	-12.94	-12.48	-12.15	-11.83
-14.25	-13.78	-13.54	-13.12	-12.65	-12.32	-11.93
-14.81	-14.2	-13.87	-13.36	-12.83	-12.44	-12.06
-15.5	-14.76	-14.36	-13.78	-13.1	-12.67	-12.23
-15.78	-15.14	-14.78	-14.15	-13.42	-12.97	-12.44
-15.71	-15.14	-14.86	-14.3	-13.64	-13.14	-12.67
-15.2	-14.9	-14.68	-14.28	-13.73	-13.27	-12.79
-14.32	-14.22	-14.12	-13.91	-13.54	-13.21	-12.85
-14.25	-14.03	-13.87	-13.66	-13.31	-13.09	-12.73
-13.7	-13.66	-13.57	-13.42	-13.19	-12.97	-12.64
-13.64	-13.54	-13.43	-13.24	-13.01	-12.79	-12.55
-13.46	-13.36	-13.27	-13.13	-12.89	-12.68	-12.44
-13.18	-13.16	-13.09	-12.95	-12.77	-12.56	-12.33
-13.05	-13.01	-12.91	-12.79	-12.6	-12.45	-12.27
-12.93	-12.89	-12.8	-12.71	-12.52	-12.39	-12.16
-12.81	-12.77	-12.68	-12.54	-12.42	-12.27	-12.1
-12.64	-12.6	-12.56	-12.47	-12.31	-12.16	-11.99
-12.35	-12.37	-12.33	-12.31	-12.19	-12.08	-11.93
-12.19	-12.25	-12.22	-12.14	-12.02	-11.93	-11.82
-11.78	-11.91	-11.93	-11.91	-11.89	-11.82	-11.7
-11.55	-11.69	-11.65	-11.68	-11.68	-11.65	-11.55
-11.75	-11.74	-11.65	-11.63	-11.57	-11.53	-11.43
-12.12	-11.97	-11.88	-11.72	-11.57	-11.48	-11.37
-12.75	-12.42	-12.21	-11.96	-11.68	-11.53	-11.36
-12.87	-12.66	-12.45	-12.19	-11.85	-11.68	-11.47
-12.99	-12.72	-12.56	-12.31	-11.96	-11.75	-11.53
-13.21	-12.89	-12.68	-12.42	-12.07	-11.87	-11.59
-13.52	-13.18	-12.92	-12.59	-12.19	-11.93	-11.7
-13.7	-13.36	-13.12	-12.77	-12.36	-12.09	-11.8
-13.64	-13.36	-13.15	-12.83	-12.44	-12.18	-11.87
-13.89	-13.54	-13.31	-12.94	-12.53	-12.27	-11.98
-14.19	-13.78	-13.5	-13.12	-12.65	-12.38	-12.04
-14.19	-13.84	-13.62	-13.24	-12.83	-12.5	-12.15
-14.38	-14.02	-13.74	-13.36	-12.9	-12.61	-12.27
-14.29	-14.03	-13.81	-13.48	-13.01	-12.74	-12.38
-13.83	-13.68	-13.57	-13.3	-13.01	-12.74	-12.42
-13.59	-13.48	-13.39	-13.19	-12.89	-12.68	-12.39
-13.04	-13.07	-13.03	-12.95	-12.77	-12.56	-12.33
-12.21	-12.43	-12.45	-12.52	-12.49	-12.39	-12.22
-11.61	-11.86	-11.94	-12.06	-12.12	-12.11	-11.99
-11.23	-11.52	-11.54	-11.69	-11.8	-11.82	-11.77
-10.87	-11.14	-11.21	-11.35	-11.52	-11.54	-11.54
-10.73	-10.93	-10.99	-11.13	-11.24	-11.32	-11.32
-10.66	-10.85	-10.88	-10.96	-11.07	-11.15	-11.15
-10.56	-10.75	-10.77	-10.85	-10.91	-10.98	-10.98
-10.62	-10.75	-10.71	-10.74	-10.8	-10.87	-10.87
-10.41	-10.62	-10.66	-10.69	-10.75	-10.77	-10.77
-10.05	-10.32	-10.37	-10.48	-10.59	-10.66	-10.66
-9.66	-9.98	-10.07	-10.23	-10.4	-10.5	-10.5
-9.52	-9.79	-9.86	-10.04	-10.21	-10.3	-10.34
-9.27	-9.59	-9.69	-9.84	-10.05	-10.16	-10.22
-9.25	-9.48	-9.54	-9.68	-9.85	-9.97	-10.07
-9.2	-9.43	-9.49	-9.62	-9.73	-9.85	-9.91
-5.965	-7.25	-8.07	-9.12	-9.62	-9.75	-9.81
-6.574	-7.33	-7.63	-8.16	-8.8	-9.18	-9.45
-1.376	-4.868	-5.705	-7.03	-8.17	-8.72	-9.08
-0.561	-2.745	-3.719	-5.252	-6.753	-7.6	-8.25
-0.602	-2.259	-2.967	-4.267	-5.694	-6.613	-7.39
-0.6	-2.013	-2.622	-3.752	-5.055	-5.925	-6.717
-0.64	-1.925	-2.455	-3.444	-4.628	-5.446	-6.205
-0.601	-1.768	-2.289	-3.227	-4.319	-5.085	-5.795
-0.837	-1.802	-2.229	-3.061	-4.07	-4.815	-5.479
-1.83	-2.425	-2.704	-3.273	-4.05	-4.681	-5.288
-2.138	-2.758	-3	-3.487	-4.178	-4.681	-5.198
-0.805	-2.08	-2.572	-3.368	-4.166	-4.687	-5.159
-0.366	-1.485	-1.983	-2.855	-3.798	-4.421	-4.967
-0.214	-1.289	-1.721	-2.525	-3.5	-4.114	-4.712
-0.208	-1.163	-1.583	-2.348	-3.237	-3.889	-4.485
-0.175	-1.083	-1.471	-2.22	-3.067	-3.679	-4.267
-0.059	-0.95	-1.352	-2.066	-2.941	-3.536	-4.097
-0.019	-0.844	-1.229	-1.938	-2.772	-3.372	-3.917
-0.013	-0.528	-0.711	-1.542	-2.604	-3.211	-3.787
-0.015	-0.561	-0.823	-1.447	-2.39	-2.992	-3.584
-0.013	-0.647	-0.947	-1.528	-2.339	-2.905	-3.454
-0.052	-0.714	-0.989	-1.528	-2.307	-2.862	-3.359
-0.091	-0.719	-0.982	-1.522	-2.265	-2.775	-3.309
-0.091	-0.759	-1.022	-1.568	-2.265	-2.751	-3.224
-0.163	-0.759	-1.022	-1.562	-2.22	-2.73	-3.181
-0.208	-0.798	-1.062	-1.564	-2.224	-2.688	-3.139
-0.091	-0.765	-1.029	-1.528	-2.183	-2.651	-3.103
-0.085	-0.726	-0.989	-1.488	-2.142	-2.61	-3.053
-0.052	-0.686	-0.909	-1.407	-2.067	-2.527	-2.976
-0.013	-0.605	-0.87	-1.366	-2.018	-2.481	-2.892
-0.001	-0.565	-0.805	-1.325	-1.936	-2.397	-2.85
0.187	-0.489	-0.75	-1.245	-1.895	-2.328	-2.766
0.217	-0.465	-0.71	-1.205	-1.813	-2.271	-2.678
0.529	-0.332	-0.593	-1.091	-1.738	-2.195	-2.626
0.221	-0.371	-0.592	-1.045	-1.668	-2.106	-2.557
0.795	-0.289	-0.559	-1.012	-1.616	-2.076	-2.481
2.462	-0.121	-0.52	-0.992	-1.578	-1.995	-2.415
0.781	-0.199	-0.474	-0.971	-1.535	-1.947	-2.35
0.093	-0.248	-0.471	-0.925	-1.488	-1.9	-2.302
0.207	-0.243	-0.474	-0.886	-1.453	-1.865	-2.267
0.689	-0.197	-0.435	-0.885	-1.407	-1.82	-2.225
1.792	-0.084	-0.395	-0.846	-1.387	-1.784	-2.153
2.363	0.023	-0.362	-0.812	-1.373	-1.743	-2.105
2.705	0.069	-0.328	-0.803	-1.333	-1.702	-2.061
3.482	0.224	-0.285	-0.779	-1.299	-1.668	-2.027
3.92	0.37	-0.249	-0.74	-1.259	-1.627	-1.986
4.212	0.543	-0.097	-0.432	-1.212	-1.601	-1.979
5.554	0.695	-0.168	-0.66	-1.21	-1.58	-1.938
7.81	1.224	-0.084	-0.661	-1.185	-1.552	-1.911
6.948	1.456	-0.011	-0.615	-1.135	-1.505	-1.863
4.509	1.031	-0.026	-0.614	-1.132	-1.458	-1.816
2.393	0.493	-0.082	-0.568	-1.085	-1.456	-1.775
5.802	1.308	0.066	-0.54	-1.058	-1.424	-1.741
5.6	1.474	0.105	-0.535	-1.012	-1.38	-1.726
3.502	0.606	-0.007	-0.496	-1.012	-1.337	-1.694
6.522	1.723	0.221	-0.496	-0.977	-1.344	-1.66
10.86	3.34	0.826	-0.47	-0.945	-1.313	-1.632
5.518	1.765	0.863	-0.417	-0.932	-1.256	-1.613
3.498	1.01	0.589	-0.371	-0.892	-1.256	-1.572
3.783	1.106	0.65	-0.343	-0.888	-1.216	-1.532
5.888	1.794	1.253	-0.306	-0.838	-1.183	-1.498
8.4	2.491	1.356	-0.286	-0.819	-1.147	-1.503
10.49	3.959	1.923	-0.267	-0.785	-1.149	-1.464
8.29	3.416	1.662	-0.222	-0.779	-1.102	-1.417
9.12	3.762	1.825	-0.182	-0.739	-1.1	-1.417
8.63	2.905	1.365	-0.143	-0.7	-1.062	-1.377
9.73	3.356	1.501	-0.111	-0.693	-1.028	-1.343
10.69	4.444	2.194	-0.073	-0.667	-0.989	-1.303
11.9	5.263	2.71	-0.039	-0.628	-0.949	-1.295
10.1	4.881	2.62	0.045	-0.582	-0.943	-1.258
7.14	3.583	2.049	0.09	-0.575	-0.896	-1.211
7.87	3.912	2.181	0.164	-0.542	-0.863	-1.192
12.17	5.665	3.015	0.311	-0.509	-0.837	-1.183
11.08	5.667	3.241	0.508	-0.465	-0.823	-1.136
10.96	5.199	2.929	0.55	-0.463	-0.783	-1.098
8.37	4.32	2.766	0.706	-0.418	-0.783	-1.096
5.603	2.517	1.769	0.518	-0.417	-0.737	-1.051
8.07	3.479	1.95	0.438	-0.381	-0.739	-1.056
10.25	4.313	2.582	0.663	-0.385	-0.704	-1.017
8.42	4.277	2.733	0.782	-0.339	-0.702	-1.016
4.344	2.62	2.023	0.674	-0.334	-0.657	-0.97
5.339	2.47	1.631	0.485	-0.339	-0.657	-0.97
6.368	2.855	1.779	0.514	-0.317	-0.64	-0.93
5.087	2.75	1.884	0.636	-0.3	-0.618	-0.93
4.611	1.992	1.42	0.521	-0.297	-0.618	-0.93
5.563	2.598	1.805	0.568	-0.3	-0.618	-0.89
3.888	1.771	1.181	0.406	-0.293	-0.579	-0.89
1.162	0.982	0.836	0.336	-0.293	-0.572	-0.884
3.208	1.469	0.954	0.29	-0.28	-0.576	-0.85
6.574	2.747	1.618	0.438	-0.262	-0.58	-0.857
5.482	2.832	1.834	0.598	-0.259	-0.563	-0.851
6.192	3.089	1.927	0.629	-0.26	-0.54	-0.815
6.246	3.505	2.203	0.67	-0.26	-0.539	-0.811
8.25	4.27	2.624	0.841	-0.26	-0.543	-0.817
9.37	4.836	3.201	1.176	-0.266	-0.546	-0.801
5.332	2.963	2.168	0.949	-0.26	-0.539	-0.775
5.542	3.064	2.096	0.827	-0.223	-0.499	-0.771
4.498	2.705	1.885	0.75	-0.215	-0.494	-0.767
5.317	2.875	1.856	0.665	-0.218	-0.499	-0.771
5.441	2.963	1.891	0.677	-0.221	-0.499	-0.738
6.603	3.548	2.259	0.82	-0.221	-0.463	-0.733
5.154	3.202	2.283	0.941	-0.218	-0.46	-0.732
5.241	3.301	2.324	0.963	-0.195	-0.46	-0.732
6.181	3.775	2.539	0.977	-0.182	-0.46	-0.711
7.48	4.272	2.767	1.025	-0.183	-0.462	-0.696
5.848	3.592	2.491	1.054	-0.182	-0.46	-0.692
5.994	3.689	2.558	1.054	-0.182	-0.423	-0.692
5.302	3.476	2.457	1.054	-0.182	-0.421	-0.692
6.18	3.818	2.593	1.054	-0.152	-0.421	-0.67
8.12	4.946	3.222	1.235	-0.143	-0.423	-0.657
9.54	5.76	3.842	1.579	-0.15	-0.415	-0.66
8.86	5.653	3.896	1.713	-0.127	-0.387	-0.659
7.72	5.287	3.802	1.766	-0.104	-0.381	-0.653
6.062	4.809	3.66	1.729	-0.104	-0.381	-0.614
5.995	4.241	2.987	1.349	-0.087	-0.381	-0.613
6.394	4.598	3.276	1.457	-0.065	-0.375	-0.613
6.664	4.631	3.303	1.507	-0.065	-0.342	-0.613
4.019	3.136	2.637	1.475	-0.02	-0.335	-0.592
2.373	1.764	1.49	0.871	-0.024	-0.335	-0.567
3.52	2.351	1.671	0.712	-0.058	-0.336	-0.568
5.256	3.482	2.396	1.003	-0.026	-0.307	-0.574
3.858	3.03	2.495	1.258	-0.02	-0.296	-0.567
0.547	0.744	0.854	0.679	-0.014	-0.296	-0.567
0.19	0.187	0.273	0.22	-0.055	-0.296	-0.528
0.344	0.194	0.202	0.103	-0.056	-0.296	-0.528
0.187	0.172	0.196	0.104	-0.053	-0.296	-0.528
0.104	0.092	0.118	0.065	-0.052	-0.293	-0.528
-0.012	-0.014	0.014	0.026	-0.054	-0.293	-0.527
-0.013	-0.053	0.002	-0.013	-0.09	-0.289	-0.523
-0.013	-0.053	-0.037	-0.013	-0.091	-0.289	-0.521
-0.013	-0.09	-0.037	-0.013	-0.091	-0.289	-0.521
-0.013	-0.053	-0.037	-0.013	-0.091	-0.291	-0.523
-0.013	-0.055	-0.038	-0.014	-0.093	-0.296	-0.528
-0.013	-0.058	-0.037	-0.013	-0.091	-0.29	-0.524
-0.013	-0.056	-0.037	-0.013	-0.091	-0.292	-0.526
-0.013	-0.054	-0.038	-0.015	-0.096	-0.296	-0.528
0.025	0.024	0.039	-0.017	-0.096	-0.296	-0.528
1.16	0.459	0.271	0.02	-0.097	-0.296	-0.528
1.559	0.944	0.668	0.186	-0.098	-0.296	-0.528
1.452	1.032	0.771	0.254	-0.108	-0.296	-0.528
1.803	1.266	0.933	0.332	-0.114	-0.296	-0.528
2.95	1.792	1.248	0.45	-0.105	-0.296	-0.526
2.011	1.452	1.158	0.528	-0.098	-0.297	-0.528
1.943	1.27	0.967	0.412	-0.097	-0.297	-0.523
0.525	0.578	0.58	0.336	-0.091	-0.293	-0.515
0.103	0.131	0.191	0.126	-0.099	-0.29	-0.508
0.023	-0.014	0.041	0.026	-0.112	-0.291	-0.492
-0.013	-0.092	-0.037	-0.013	-0.13	-0.295	-0.5
-0.013	-0.092	-0.037	-0.039	-0.13	-0.292	-0.486
-0.013	-0.092	-0.037	-0.043	-0.13	-0.291	-0.483
-0.032	-0.105	-0.03	-0.045	-0.123	-0.324	-0.502
-0.046	-0.126	-0.033	-0.049	-0.129	-0.329	-0.493
-0.013	-0.092	-0.037	-0.028	-0.13	-0.296	-0.487
-0.013	-0.092	-0.037	-0.036	-0.13	-0.305	-0.482
-0.013	-0.092	-0.037	-0.021	-0.13	-0.305	-0.482
-0.013	-0.092	-0.037	-0.013	-0.13	-0.311	-0.483
-0.013	-0.092	-0.037	-0.033	-0.13	-0.329	-0.482
-0.013	-0.092	-0.037	-0.042	-0.13	-0.329	-0.482
-0.013	-0.092	-0.037	-0.041	-0.13	-0.329	-0.482
-0.041	-0.092	-0.037	-0.042	-0.13	-0.329	-0.482
-0.052	-0.092	-0.037	-0.031	-0.13	-0.329	-0.482
-0.081	-0.092	-0.037	-0.033	-0.13	-0.329	-0.482
-0.13	-0.092	-0.037	-0.043	-0.13	-0.329	-0.482
-0.13	-0.092	-0.037	-0.028	-0.131	-0.329	-0.482
-0.13	-0.092	-0.037	-0.029	-0.153	-0.329	-0.482
-0.091	-0.092	-0.037	-0.013	-0.156	-0.329	-0.482
-0.091	-0.092	-0.037	-0.013	-0.163	-0.329	-0.482
-0.119	-0.092	-0.037	-0.013	-0.169	-0.329	-0.482
-0.169	-0.092	-0.037	-0.013	-0.169	-0.329	-0.482
-0.246	-0.095	-0.037	-0.013	-0.169	-0.329	-0.482
-0.208	-0.092	-0.037	-0.013	-0.169	-0.329	-0.482
-0.247	-0.1	-0.037	-0.013	-0.169	-0.329	-0.482
-0.208	-0.097	-0.037	-0.013	-0.169	-0.329	-0.482
-0.247	-0.125	-0.037	-0.013	-0.169	-0.329	-0.482
-0.362	-0.131	-0.037	-0.013	-0.169	-0.329	-0.482
-0.283	-0.131	-0.037	-0.013	-0.169	-0.329	-0.482
-0.247	-0.131	-0.037	-0.013	-0.169	-0.329	-0.482
-0.286	-0.131	-0.037	-0.017	-0.169	-0.329	-0.482
-0.286	-0.131	-0.037	-0.017	-0.169	-0.329	-0.482
-0.286	-0.131	-0.037	-0.037	-0.169	-0.329	-0.482
-0.27	-0.131	-0.037	-0.033	-0.169	-0.329	-0.482
-0.247	-0.131	-0.037	-0.037	-0.169	-0.329	-0.482
-0.247	-0.131	-0.037	-0.041	-0.169	-0.329	-0.482
-0.247	-0.131	-0.037	-0.04	-0.169	-0.329	-0.482
-0.286	-0.131	-0.037	-0.045	-0.169	-0.329	-0.482
-0.364	-0.15	-0.036	-0.051	-0.169	-0.329	-0.482
-0.522	-0.164	-0.063	-0.046	-0.167	-0.329	-0.482
-0.808	-0.241	-0.069	-0.045	-0.162	-0.322	-0.475
-1.105	-0.319	-0.069	-0.045	-0.162	-0.322	-0.475
-1.198	-0.358	-0.069	-0.045	-0.162	-0.322	-0.476
-0.958	-0.319	-0.069	-0.045	-0.162	-0.324	-0.479
-1.037	-0.358	-0.075	-0.045	-0.162	-0.323	-0.478
-0.918	-0.328	-0.082	-0.05	-0.169	-0.329	-0.482
-0.838	-0.326	-0.099	-0.052	-0.169	-0.329	-0.482
-0.759	-0.326	-0.102	-0.052	-0.171	-0.329	-0.482
-0.443	-0.248	-0.076	-0.052	-0.171	-0.329	-0.482
-0.404	-0.209	-0.076	-0.052	-0.181	-0.329	-0.482
-0.246	-0.17	-0.076	-0.052	-0.182	-0.329	-0.482
-0.169	-0.17	-0.076	-0.052	-0.189	-0.329	-0.482
-0.364	-0.17	-0.076	-0.052	-0.208	-0.329	-0.482
-0.342	-0.209	-0.076	-0.052	-0.208	-0.329	-0.482
-0.6	-0.246	-0.077	-0.048	-0.207	-0.329	-0.482
-0.857	-0.347	-0.108	-0.045	-0.202	-0.326	-0.48
-1.037	-0.397	-0.122	-0.045	-0.201	-0.322	-0.476
-1.037	-0.443	-0.151	-0.048	-0.207	-0.329	-0.482
-0.798	-0.404	-0.154	-0.052	-0.208	-0.329	-0.482
-0.917	-0.443	-0.174	-0.052	-0.208	-0.329	-0.482
-1.117	-0.522	-0.19	-0.047	-0.206	-0.329	-0.482
-1.278	-0.597	-0.264	-0.045	-0.201	-0.328	-0.476
-1.439	-0.712	-0.303	-0.045	-0.201	-0.348	-0.475
-1.52	-0.798	-0.382	-0.045	-0.201	-0.346	-0.478
-1.764	-0.918	-0.461	-0.045	-0.201	-0.352	-0.475
-1.715	-0.956	-0.5	-0.045	-0.201	-0.353	-0.475
-1.723	-0.957	-0.504	-0.045	-0.201	-0.356	-0.477
-2.009	-1.112	-0.579	-0.045	-0.201	-0.361	-0.475
-2.092	-1.194	-0.658	-0.054	-0.201	-0.361	-0.475
-2.133	-1.236	-0.698	-0.082	-0.201	-0.361	-0.475
-2.133	-1.249	-0.737	-0.084	-0.201	-0.361	-0.475
-2.422	-1.357	-0.782	-0.084	-0.201	-0.361	-0.475
-2.693	-1.547	-0.896	-0.123	-0.201	-0.361	-0.475
-2.714	-1.599	-0.976	-0.134	-0.201	-0.361	-0.475
-2.786	-1.637	-1.016	-0.201	-0.201	-0.361	-0.482
-3.158	-1.837	-1.176	-0.24	-0.201	-0.361	-0.49
-3.563	-2.152	-1.403	-0.319	-0.233	-0.361	-0.498
-3.778	-2.335	-1.58	-0.476	-0.24	-0.361	-0.515
-4.096	-2.588	-1.824	-0.634	-0.236	-0.36	-0.514
-4.126	-2.751	-1.994	-0.832	-0.279	-0.361	-0.515
-3.908	-2.751	-2.116	-1.032	-0.397	-0.401	-0.554
-3.735	-2.751	-2.2	-1.313	-0.714	-0.598	-0.638
-3.866	-3.003	-2.491	-1.714	-1.204	-0.996	-0.91
-4.039	-3.265	-2.825	-2.133	-1.672	-1.436	-1.27
-4.412	-3.556	-3.121	-2.501	-2.049	-1.802	-1.593
-4.749	-3.987	-3.539	-2.882	-2.407	-2.134	-1.878
-4.883	-4.205	-3.806	-3.182	-2.717	-2.431	-2.168
-5	-4.42	-4.024	-3.438	-3.012	-2.699	-2.421
-5.198	-4.602	-4.241	-3.653	-3.224	-2.934	-2.67
-5.515	-4.872	-4.463	-3.913	-3.439	-3.146	-2.879
-5.699	-5.097	-4.727	-4.131	-3.69	-3.359	-3.09
-5.79	-5.232	-4.871	-4.352	-3.869	-3.574	-3.268
-5.744	-5.277	-4.958	-4.487	-4.043	-3.746	-3.473
-5.827	-5.367	-5.048	-4.576	-4.174	-3.885	-3.602
-5.882	-5.458	-5.138	-4.711	-4.307	-4.02	-3.742
-5.918	-5.503	-5.228	-4.8	-4.432	-4.139	-3.86
-6.067	-5.64	-5.364	-4.889	-4.533	-4.275	-3.991
-5.744	-5.503	-5.297	-4.934	-4.622	-4.364	-4.125
-5.652	-5.458	-5.228	-4.933	-4.638	-4.402	-4.165
-5.744	-5.503	-5.273	-4.935	-4.666	-4.45	-4.252
-5.744	-5.503	-5.318	-4.979	-4.711	-4.53	-4.3
-5.836	-5.588	-5.364	-5.024	-4.761	-4.586	-4.35
-6.021	-5.724	-5.455	-5.114	-4.844	-4.63	-4.434
-6.3	-5.913	-5.637	-5.249	-4.934	-4.717	-4.511
-6.676	-6.192	-5.867	-5.431	-5.068	-4.805	-4.605
-6.629	-6.239	-5.959	-5.567	-5.204	-4.943	-4.696
-6.629	-6.264	-6.006	-5.613	-5.294	-5.032	-4.783
-6.818	-6.425	-6.145	-5.705	-5.385	-5.123	-4.873
-6.771	-6.425	-6.191	-5.797	-5.476	-5.213	-4.967
-6.44	-6.239	-6.052	-5.751	-5.476	-5.258	-5.057
-6.487	-6.239	-6.052	-5.751	-5.476	-5.304	-5.101
-6.913	-6.519	-6.238	-5.843	-5.567	-5.349	-5.139
-7.25	-6.755	-6.472	-6.028	-5.66	-5.44	-5.186
-7.81	-7.18	-6.803	-6.261	-5.841	-5.571	-5.321
-8.31	-7.59	-7.19	-6.542	-6.07	-5.755	-5.457
-8.48	-7.81	-7.43	-6.827	-6.307	-5.965	-5.639
-8.38	-7.86	-7.48	-6.97	-6.495	-6.131	-5.794
-8.23	-7.76	-7.48	-6.982	-6.59	-6.271	-5.92
-8.08	-7.72	-7.43	-7.02	-6.637	-6.318	-6.013
-8.08	-7.72	-7.43	-7.02	-6.637	-6.365	-6.106
-8.08	-7.72	-7.43	-7.03	-6.684	-6.412	-6.152
-8.38	-7.91	-7.57	-7.11	-6.735	-6.471	-6.199
-8.68	-8.11	-7.77	-7.28	-6.874	-6.555	-6.286
-9.09	-8.4	-8.02	-7.45	-7.01	-6.689	-6.379
-9.66	-8.82	-8.41	-7.74	-7.2	-6.854	-6.519
-9.81	-9.06	-8.66	-7.98	-7.45	-7.05	-6.663
-9.81	-9.11	-8.71	-8.13	-7.59	-7.22	-6.851
-9.81	-9.16	-8.77	-8.21	-7.71	-7.36	-6.994
-10.13	-9.37	-8.97	-8.36	-7.84	-7.48	-7.09
-10.11	-9.48	-9.12	-8.54	-8.04	-7.66	-7.24
-9.19	-8.96	-8.75	-8.39	-8.04	-7.71	-7.38
-9.24	-8.9	-8.66	-8.29	-7.94	-7.71	-7.38
-8.84	-8.66	-8.52	-8.24	-7.94	-7.67	-7.38
-8.7	-8.51	-8.31	-8.09	-7.84	-7.61	-7.38
-9.19	-8.76	-8.47	-8.1	-7.82	-7.61	-7.35
-10.09	-9.42	-9.02	-8.43	-7.99	-7.7	-7.41
-10.58	-9.79	-9.38	-8.74	-8.24	-7.9	-7.53
-11.21	-10.21	-9.75	-9.03	-8.46	-8.1	-7.72
-11.16	-10.34	-9.9	-9.25	-8.69	-8.3	-7.9
-11.66	-10.71	-10.22	-9.46	-8.89	-8.45	-8.06
-11.88	-11	-10.49	-9.77	-9.15	-8.7	-8.26
-12.23	-11.29	-10.77	-9.99	-9.35	-8.9	-8.46
-12.97	-11.85	-11.25	-10.35	-9.61	-9.11	-8.66
-13.22	-12.13	-11.59	-10.68	-9.93	-9.42	-8.87
-13.22	-12.25	-11.76	-10.9	-10.19	-9.63	-9.12
-12.89	-12.13	-11.7	-10.97	-10.31	-9.84	-9.32
-12.69	-12.02	-11.64	-10.98	-10.36	-9.91	-9.44
-12.13	-11.73	-11.43	-10.9	-10.36	-9.95	-9.54
-11	-10.95	-10.82	-10.58	-10.25	-9.9	-9.54
-10.24	-10.31	-10.23	-10.15	-9.94	-9.74	-9.44
-10.08	-10.06	-9.96	-9.83	-9.68	-9.53	-9.28
-10.18	-10.03	-9.9	-9.72	-9.51	-9.37	-9.13
-10.25	-10.05	-9.9	-9.67	-9.46	-9.27	-9.07
-10.4	-10.16	-9.96	-9.67	-9.41	-9.22	-9.02
-9.79	-9.8	-9.72	-9.57	-9.4	-9.22	-8.98
-9.66	-9.58	-9.49	-9.36	-9.26	-9.12	-8.92
-9.35	-9.41	-9.34	-9.26	-9.13	-9.02	-8.83
-8.69	-8.97	-8.98	-9	-8.95	-8.86	-8.73
-8.61	-8.76	-8.77	-8.8	-8.75	-8.71	-8.62
-9.72	-9.21	-9.02	-8.8	-8.69	-8.6	-8.52
-10.46	-9.95	-9.64	-9.2	-8.89	-8.71	-8.52
-9.75	-9.69	-9.54	-9.3	-9.05	-8.82	-8.62
-9.35	-9.32	-9.23	-9.1	-8.95	-8.81	-8.62
-9.66	-9.48	-9.32	-9.1	-8.89	-8.76	-8.61
-9.97	-9.68	-9.48	-9.2	-8.95	-8.81	-8.62
-9.87	-9.69	-9.54	-9.26	-9.05	-8.86	-8.65
-9.78	-9.59	-9.43	-9.2	-9	-8.86	-8.67
-10.33	-9.95	-9.69	-9.34	-9.05	-8.86	-8.67
-11	-10.42	-10.07	-9.61	-9.23	-9	-8.77
-12.08	-11.2	-10.73	-10.04	-9.51	-9.21	-8.9
-12.97	-11.96	-11.4	-10.57	-9.93	-9.51	-9.12
-13.58	-12.52	-11.93	-11.02	-10.3	-9.84	-9.41
-13.83	-12.83	-12.27	-11.4	-10.68	-10.16	-9.69
-13.76	-12.94	-12.44	-11.62	-10.95	-10.43	-9.96
-13.58	-12.89	-12.45	-11.73	-11.12	-10.65	-10.17
-12.64	-12.31	-12.05	-11.63	-11.12	-10.7	-10.28
-12.12	-11.86	-11.65	-11.35	-10.96	-10.65	-10.28
-12.06	-11.74	-11.54	-11.18	-10.85	-10.59	-10.26
-12	-11.69	-11.48	-11.12	-10.79	-10.54	-10.22
-12	-11.63	-11.42	-11.07	-10.74	-10.48	-10.22
-12.29	-11.83	-11.53	-11.12	-10.77	-10.48	-10.22
-12.12	-11.8	-11.54	-11.18	-10.79	-10.54	-10.22
-11.95	-11.63	-11.43	-11.09	-10.79	-10.54	-10.23
-11.78	-11.54	-11.37	-11.07	-10.74	-10.54	-10.22
-11.78	-11.52	-11.31	-11	-10.68	-10.48	-10.22
-11.89	-11.57	-11.36	-11.01	-10.68	-10.48	-10.22
-11.95	-11.62	-11.37	-11.01	-10.74	-10.48	-10.22
-11.89	-11.58	-11.37	-11.01	-10.74	-10.48	-10.22
-11.89	-11.58	-11.37	-11.01	-10.74	-10.48	-10.22
-11.83	-11.58	-11.33	-11.01	-10.74	-10.48	-10.27
-11.78	-11.52	-11.31	-11.01	-10.74	-10.48	-10.28
-11.67	-11.41	-11.26	-10.96	-10.68	-10.48	-10.27
-11.44	-11.25	-11.09	-10.91	-10.65	-10.49	-10.22
-11.28	-11.13	-10.98	-10.8	-10.58	-10.43	-10.22
-11.33	-11.13	-10.94	-10.74	-10.52	-10.38	-10.17
-11.39	-11.19	-10.98	-10.74	-10.52	-10.32	-10.12
-11.39	-11.13	-10.98	-10.74	-10.52	-10.32	-10.12
-11.33	-11.13	-10.95	-10.74	-10.52	-10.32	-10.12
-11.27	-11.08	-10.93	-10.69	-10.47	-10.32	-10.12
-11	-10.91	-10.77	-10.63	-10.42	-10.27	-10.07
-10.67	-10.67	-10.6	-10.47	-10.36	-10.22	-10.07
-10.56	-10.54	-10.44	-10.36	-10.26	-10.11	-9.98
-10.46	-10.43	-10.33	-10.26	-10.15	-10.06	-9.91
-10.51	-10.43	-10.33	-10.2	-10.1	-9.99	-9.86
-10.73	-10.54	-10.39	-10.2	-10.04	-9.95	-9.8
-10.92	-10.65	-10.49	-10.25	-10.09	-9.95	-9.8
-10.78	-10.64	-10.5	-10.31	-10.1	-9.95	-9.8
-10.67	-10.54	-10.39	-10.26	-10.1	-9.95	-9.8
-10.51	-10.43	-10.33	-10.2	-10.04	-9.91	-9.78
-7.34	-5.763	-6.378	-7.99	-9.42	-9.74	-9.7
-7.35	-7.62	-7.82	-8.25	-8.7	-8.99	-9.17
-7.76	-7.96	-8.07	-8.33	-8.6	-8.76	-8.93
-7.94	-8.11	-8.22	-8.39	-8.55	-8.71	-8.78
-7.99	-8.17	-8.22	-8.4	-8.55	-8.61	-8.68
-8.08	-8.26	-8.27	-8.4	-8.5	-8.56	-8.62
-8.23	-8.36	-8.35	-8.4	-8.5	-8.56	-8.57
-8.47	-8.49	-8.47	-8.44	-8.5	-8.51	-8.52
-8.64	-8.61	-8.57	-8.55	-8.55	-8.53	-8.52
-8.48	-8.56	-8.57	-8.55	-8.55	-8.56	-8.52
-8.38	-8.5	-8.47	-8.5	-8.5	-8.51	-8.52
-8.28	-8.41	-8.41	-8.45	-8.45	-8.5	-8.47
-8.13	-8.31	-8.32	-8.34	-8.4	-8.41	-8.42
-7.89	-8.11	-8.17	-8.25	-8.33	-8.36	-8.37
-7.64	-7.9	-7.97	-8.1	-8.2	-8.26	-8.27
-7.55	-7.77	-7.82	-7.95	-8.1	-8.16	-8.17
-7.5	-7.72	-7.77	-7.85	-8	-8.06	-8.12
-4.767	-5.29	-5.988	-7.05	-7.7	-7.91	-8.03
-0.052	-2.644	-3.763	-5.432	-6.59	-7.14	-7.49
-0.465	-2.3	-3.08	-4.427	-5.619	-6.332	-6.869
-0.561	-1.931	-2.64	-3.795	-4.883	-5.606	-6.214
-0.404	-1.809	-2.414	-3.465	-4.459	-5.133	-5.743
-0.091	-0.64	-0.903	-1.936	-3.449	-4.434	-5.203
-0.13	-0.758	-1.049	-1.813	-2.934	-3.808	-4.611
-0.247	-0.917	-1.228	-1.895	-2.848	-3.587	-4.265
-0.255	-0.97	-1.276	-1.901	-2.777	-3.421	-4.053
-0.182	-0.93	-1.236	-1.864	-2.695	-3.293	-3.886
0.128	-0.693	-1.08	-1.785	-2.569	-3.17	-3.756
1.065	-0.485	-0.955	-1.662	-2.448	-3.044	-3.584
1.232	-0.38	-0.836	-1.5	-2.315	-2.869	-3.44
2.51	-0.182	-0.717	-1.413	-2.191	-2.743	-3.279
3.037	0.008	-0.599	-1.307	-2.072	-2.617	-3.152
2.081	-0.022	-0.519	-1.212	-1.945	-2.49	-3.025
3.637	0.144	-0.481	-1.176	-1.867	-2.408	-2.899
4.902	0.389	-0.405	-1.095	-1.785	-2.325	-2.797
2.549	0.135	-0.399	-1.048	-1.738	-2.236	-2.691
2.667	0.154	-0.394	-1.012	-1.657	-2.154	-2.605
4.901	0.517	-0.299	-0.941	-1.591	-2.077	-2.522
2.169	0.268	-0.317	-0.9	-1.531	-2.007	-2.474
0.386	-0.059	-0.356	-0.885	-1.488	-1.944	-2.391
0.997	0.025	-0.317	-0.846	-1.447	-1.906	-2.309
0.187	-0.12	-0.349	-0.799	-1.406	-1.832	-2.261
1.654	0.06	-0.317	-0.806	-1.366	-1.779	-2.191
0.294	-0.138	-0.317	-0.772	-1.333	-1.743	-2.144
0.081	-0.162	-0.349	-0.76	-1.318	-1.695	-2.096
0.047	-0.17	-0.349	-0.759	-1.28	-1.674	-2.055
1.107	-0.057	-0.317	-0.731	-1.245	-1.655	-2.017
1.545	0.035	-0.284	-0.733	-1.229	-1.627	-1.986
3.448	0.203	-0.251	-0.717	-1.218	-1.586	-1.945
4.129	0.405	-0.206	-0.694	-1.178	-1.546	-1.904
4.158	0.414	-0.206	-0.688	-1.172	-1.521	-1.861
2.944	0.489	-0.121	-0.532	-1.129	-1.499	-1.854
2.087	0.238	-0.199	-0.608	-1.098	-1.453	-1.815
5.08	0.844	-0.095	-0.614	-1.095	-1.424	-1.782
6.4	1.306	-0.011	-0.575	-1.053	-1.397	-1.741
10	2.452	0.178	-0.558	-1.022	-1.39	-1.707
6.654	2.03	0.246	-0.535	-1.012	-1.337	-1.653
8.34	2.737	0.504	-0.496	-0.978	-1.303	-1.64
11.21	3.726	0.906	-0.47	-0.945	-1.27	-1.605
8.98	3.151	0.91	-0.418	-0.898	-1.263	-1.579
11.63	4.236	1.392	-0.391	-0.866	-1.229	-1.545
14.21	5.497	2.038	-0.352	-0.852	-1.195	-1.511
13.63	5.624	2.291	-0.313	-0.826	-1.149	-1.467
11.69	5.095	2.251	-0.269	-0.786	-1.109	-1.424
12.06	5.219	2.351	-0.194	-0.746	-1.069	-1.384
11.59	5.213	2.452	-0.151	-0.706	-1.029	-1.363
11.24	5.258	2.579	-0.111	-0.661	-0.991	-1.34
10.02	5.01	2.567	-0.066	-0.62	-0.982	-1.297
9.61	4.335	2.198	-0.033	-0.582	-0.942	-1.256
11.51	4.892	2.417	0.008	-0.564	-0.909	-1.223
11.66	5.541	2.827	0.083	-0.542	-0.864	-1.179
10.4	5.269	2.865	0.201	-0.503	-0.863	-1.176
10.78	5.163	2.797	0.281	-0.503	-0.823	-1.136
11.36	5.862	3.245	0.434	-0.463	-0.783	-1.096
8.18	4.338	2.527	0.438	-0.457	-0.778	-1.095
11.37	5.601	3.032	0.502	-0.426	-0.749	-1.063
11.6	5.622	3.069	0.583	-0.429	-0.75	-1.023
13.71	6.812	3.697	0.737	-0.391	-0.71	-1.023
7.03	4.328	2.812	0.75	-0.378	-0.697	-1.006
6.729	3.557	2.113	0.517	-0.378	-0.662	-0.97
6.082	3.3	1.946	0.479	-0.339	-0.657	-0.959
7.63	3.777	2.091	0.476	-0.339	-0.639	-0.936
6.469	3.423	1.968	0.483	-0.338	-0.618	-0.93
7.51	3.826	2.134	0.521	-0.327	-0.618	-0.89
10.12	4.937	2.672	0.628	-0.306	-0.593	-0.897
9.31	5.019	2.843	0.715	-0.303	-0.584	-0.858
8.07	4.369	2.528	0.706	-0.3	-0.579	-0.853
10.52	5.693	3.174	0.819	-0.306	-0.585	-0.857
10.88	5.49	3.093	0.896	-0.281	-0.562	-0.82
10.86	5.951	3.506	1.115	-0.267	-0.546	-0.818
8.15	4.8	3.04	1.109	-0.26	-0.539	-0.811
8.14	4.242	2.551	0.896	-0.26	-0.539	-0.811
11	5.829	3.392	1.046	-0.233	-0.506	-0.778
8.23	4.902	3.115	1.091	-0.221	-0.499	-0.771
7.19	4.308	2.729	0.996	-0.221	-0.499	-0.771
8.8	4.884	2.928	0.968	-0.225	-0.502	-0.738
8.51	4.694	2.787	0.901	-0.223	-0.465	-0.738
7.02	4.071	2.507	0.903	-0.195	-0.46	-0.732
6.526	3.795	2.352	0.878	-0.182	-0.46	-0.723
6.452	3.819	2.329	0.827	-0.182	-0.46	-0.692
5.24	3.231	2.083	0.789	-0.175	-0.455	-0.69
7.78	4.331	2.543	0.794	-0.182	-0.422	-0.694
7.9	4.6	2.78	0.997	-0.18	-0.421	-0.668
7.54	4.591	2.88	1.13	-0.148	-0.421	-0.653
10.69	5.615	3.251	1.173	-0.147	-0.427	-0.66
10.21	6.241	3.996	1.613	-0.143	-0.394	-0.659
6.207	4.322	3.112	1.43	-0.137	-0.38	-0.652
4.614	3.043	2.076	0.855	-0.136	-0.376	-0.64
6.163	3.645	2.302	0.827	-0.109	-0.381	-0.613
6.936	4.373	2.8	1.009	-0.104	-0.381	-0.613
6.114	3.692	2.375	0.978	-0.103	-0.381	-0.613
6.026	3.892	2.588	1.054	-0.098	-0.349	-0.613
1.623	1.061	1.084	0.772	-0.094	-0.341	-0.607
3.036	1.112	0.848	0.406	-0.097	-0.335	-0.567
5.221	2.329	1.645	0.645	-0.104	-0.342	-0.574
6.935	3.26	2.295	1.031	-0.076	-0.342	-0.574
6.058	3.37	2.535	1.237	-0.065	-0.342	-0.574
4.529	2.965	2.391	1.172	-0.058	-0.335	-0.567
2.609	1.773	1.493	0.795	-0.057	-0.335	-0.567
2.537	1.469	1.112	0.528	-0.058	-0.32	-0.534
2.115	1.24	1.008	0.489	-0.052	-0.302	-0.527
2.518	1.319	0.98	0.451	-0.057	-0.296	-0.528
3.662	1.968	1.327	0.474	-0.058	-0.296	-0.528
4.433	2.597	1.805	0.674	-0.058	-0.297	-0.529
5.19	3.021	2.065	0.797	-0.059	-0.299	-0.532
3.774	2.471	1.769	0.789	-0.058	-0.296	-0.528
5.255	3.339	2.288	0.887	-0.059	-0.299	-0.521
6.908	4.166	2.873	1.159	-0.058	-0.303	-0.495
4.675	2.986	2.546	1.398	-0.02	-0.296	-0.489
0.997	1.02	1.075	0.769	-0.043	-0.292	-0.487
1.249	0.997	0.934	0.489	-0.052	-0.293	-0.487
2.182	1.33	1.085	0.466	-0.057	-0.296	-0.489
1.098	0.78	0.695	0.336	-0.052	-0.289	-0.482
0.104	0.14	0.205	0.181	-0.052	-0.289	-0.482
1.793	0.961	0.637	0.18	-0.057	-0.263	-0.489
2.598	1.599	1.066	0.329	-0.058	-0.257	-0.489
1.722	1.226	0.945	0.374	-0.055	-0.257	-0.489
1.941	1.284	0.94	0.336	-0.055	-0.256	-0.489
1.366	0.819	0.629	0.258	-0.052	-0.257	-0.482
1.739	1.158	0.79	0.22	-0.052	-0.252	-0.485
1.865	1.196	0.804	0.276	-0.054	-0.257	-0.479
0.939	0.774	0.657	0.297	-0.052	-0.25	-0.471
0.086	0.099	0.182	0.143	-0.086	-0.256	-0.473
0.026	-0.014	0.041	0.026	-0.091	-0.25	-0.448
-0.013	-0.053	0.002	-0.013	-0.091	-0.25	-0.443
-0.013	-0.053	-0.037	-0.013	-0.091	-0.25	-0.443
-0.013	-0.053	-0.037	-0.013	-0.091	-0.25	-0.443
-0.013	-0.054	-0.037	-0.013	-0.091	-0.253	-0.443
-0.013	-0.092	-0.037	-0.013	-0.091	-0.255	-0.443
-0.012	-0.092	-0.037	-0.013	-0.091	-0.271	-0.443
-0.013	-0.092	-0.037	-0.013	-0.091	-0.277	-0.443
-0.024	-0.086	-0.032	-0.008	-0.088	-0.287	-0.443
-0.045	-0.124	-0.03	-0.006	-0.084	-0.288	-0.442
-0.045	-0.124	-0.031	-0.007	-0.087	-0.289	-0.443
-0.052	-0.092	-0.037	-0.013	-0.091	-0.289	-0.443
-0.127	-0.124	-0.035	-0.011	-0.09	-0.289	-0.443
-0.262	-0.124	-0.03	-0.008	-0.084	-0.286	-0.441
-0.689	-0.146	-0.033	-0.011	-0.098	-0.286	-0.441
-0.145	-0.092	-0.037	-0.013	-0.095	-0.289	-0.443
-0.091	-0.092	-0.037	-0.013	-0.106	-0.289	-0.443
-0.13	-0.092	-0.037	-0.013	-0.124	-0.289	-0.443
-0.13	-0.092	-0.037	-0.013	-0.13	-0.289	-0.443
-0.169	-0.092	-0.037	-0.013	-0.13	-0.289	-0.443
-0.169	-0.092	-0.037	-0.013	-0.13	-0.289	-0.443
-0.169	-0.092	-0.037	-0.013	-0.13	-0.289	-0.443
-0.169	-0.092	-0.037	-0.013	-0.13	-0.289	-0.443
-0.091	-0.092	-0.037	-0.013	-0.13	-0.289	-0.443
-0.052	-0.092	-0.037	-0.013	-0.13	-0.289	-0.443
-0.052	-0.092	-0.037	-0.013	-0.13	-0.289	-0.443
-0.045	-0.085	-0.03	-0.006	-0.124	-0.287	-0.441
-0.201	-0.16	-0.06	-0.008	-0.123	-0.283	-0.436
-0.543	-0.201	-0.069	-0.009	-0.123	-0.283	-0.436
-0.594	-0.202	-0.069	-0.006	-0.123	-0.283	-0.436
-0.831	-0.241	-0.069	-0.015	-0.123	-0.283	-0.436
-0.834	-0.28	-0.069	-0.008	-0.123	-0.283	-0.436
-0.762	-0.28	-0.069	-0.007	-0.123	-0.284	-0.438
-0.677	-0.244	-0.07	-0.008	-0.126	-0.289	-0.443
-0.6	-0.242	-0.069	-0.01	-0.125	-0.289	-0.443
-0.759	-0.28	-0.069	-0.015	-0.123	-0.286	-0.44
-1.151	-0.397	-0.1	-0.036	-0.123	-0.283	-0.436
-1.071	-0.397	-0.108	-0.037	-0.123	-0.283	-0.436
-0.785	-0.322	-0.074	-0.03	-0.124	-0.289	-0.442
-0.594	-0.28	-0.069	-0.031	-0.126	-0.283	-0.436
-0.752	-0.319	-0.108	-0.04	-0.15	-0.283	-0.436
-0.759	-0.319	-0.108	-0.035	-0.147	-0.285	-0.44
-0.798	-0.359	-0.108	-0.042	-0.153	-0.286	-0.441
-1.196	-0.476	-0.117	-0.045	-0.162	-0.283	-0.436
-1.077	-0.479	-0.147	-0.045	-0.162	-0.287	-0.44
-0.755	-0.376	-0.132	-0.05	-0.169	-0.289	-0.443
-0.561	-0.325	-0.111	-0.048	-0.168	-0.289	-0.443
-0.715	-0.358	-0.122	-0.045	-0.162	-0.283	-0.436
-0.878	-0.397	-0.147	-0.045	-0.162	-0.283	-0.437
-0.837	-0.403	-0.149	-0.046	-0.166	-0.289	-0.442
-0.838	-0.398	-0.147	-0.045	-0.162	-0.286	-0.44
-1.077	-0.476	-0.186	-0.045	-0.162	-0.283	-0.436
-1.117	-0.56	-0.225	-0.045	-0.162	-0.287	-0.441
-0.838	-0.483	-0.232	-0.051	-0.169	-0.289	-0.443
-0.706	-0.42	-0.231	-0.05	-0.169	-0.289	-0.443
-0.68	-0.404	-0.231	-0.049	-0.168	-0.289	-0.443
-0.759	-0.443	-0.229	-0.046	-0.165	-0.289	-0.443
-0.997	-0.518	-0.264	-0.045	-0.162	-0.29	-0.438
-1.031	-0.555	-0.279	-0.045	-0.162	-0.298	-0.437
-1.077	-0.594	-0.303	-0.045	-0.162	-0.296	-0.436
-0.997	-0.6	-0.307	-0.045	-0.163	-0.305	-0.441
-1.107	-0.636	-0.343	-0.045	-0.162	-0.309	-0.437
-1.318	-0.712	-0.382	-0.045	-0.162	-0.322	-0.436
-1.48	-0.791	-0.421	-0.045	-0.162	-0.322	-0.436
-1.64	-0.871	-0.5	-0.045	-0.162	-0.322	-0.436
-1.968	-1.03	-0.579	-0.056	-0.162	-0.322	-0.436
-2.173	-1.19	-0.672	-0.084	-0.166	-0.322	-0.436
-2.298	-1.272	-0.777	-0.084	-0.172	-0.322	-0.436
-2.422	-1.35	-0.816	-0.084	-0.184	-0.322	-0.438
-2.589	-1.471	-0.896	-0.123	-0.201	-0.322	-0.444
-2.66	-1.552	-0.976	-0.123	-0.201	-0.322	-0.447
-2.463	-1.495	-0.976	-0.162	-0.201	-0.322	-0.442
-2.339	-1.471	-0.976	-0.239	-0.201	-0.322	-0.441
-2.215	-1.432	-0.976	-0.279	-0.201	-0.322	-0.445
-2.296	-1.474	-1.016	-0.319	-0.201	-0.322	-0.464
-2.05	-1.433	-1.021	-0.361	-0.201	-0.322	-0.471
-1.682	-1.236	-0.942	-0.397	-0.201	-0.322	-0.475
-1.601	-1.196	-0.902	-0.437	-0.201	-0.322	-0.475
-1.525	-1.117	-0.892	-0.455	-0.24	-0.34	-0.475
-1.983	-1.31	-1.001	-0.5	-0.279	-0.361	-0.49
-1.968	-1.391	-1.056	-0.555	-0.319	-0.401	-0.515
-2.287	-1.532	-1.175	-0.667	-0.391	-0.433	-0.547
-2.708	-1.836	-1.443	-0.817	-0.509	-0.513	-0.626
-3.045	-2.144	-1.701	-1.037	-0.671	-0.635	-0.705
-3.781	-2.702	-2.19	-1.392	-0.945	-0.829	-0.824
-4.335	-3.251	-2.723	-1.879	-1.312	-1.112	-1.023
-4.878	-3.775	-3.241	-2.367	-1.747	-1.463	-1.267
-5.598	-4.422	-3.843	-2.917	-2.211	-1.864	-1.601
-6.107	-4.978	-4.418	-3.466	-2.711	-2.299	-1.975
-6.247	-5.316	-4.782	-3.912	-3.175	-2.734	-2.372
-6.297	-5.486	-5.041	-4.262	-3.562	-3.112	-2.721
-6.717	-5.77	-5.306	-4.52	-3.863	-3.438	-3.036
-7.39	-6.355	-5.83	-4.968	-4.212	-3.762	-3.339
-7.88	-6.843	-6.325	-5.386	-4.609	-4.125	-3.674
-8.23	-7.18	-6.655	-5.748	-4.966	-4.46	-3.984
-8.58	-7.52	-7.01	-6.115	-5.303	-4.796	-4.29
-8.34	-7.6	-7.15	-6.348	-5.607	-5.071	-4.605
-7.71	-7.23	-6.899	-6.353	-5.745	-5.297	-4.827
-7.37	-6.992	-6.708	-6.261	-5.746	-5.346	-4.961
-7.2	-6.85	-6.614	-6.167	-5.745	-5.388	-5.05
-7.3	-6.891	-6.607	-6.183	-5.745	-5.434	-5.095
-7.69	-7.13	-6.841	-6.302	-5.837	-5.525	-5.185
-7.91	-7.32	-6.988	-6.487	-5.975	-5.655	-5.301
-8.72	-7.84	-7.42	-6.725	-6.161	-5.801	-5.405
-9.29	-8.3	-7.86	-7.1	-6.439	-6.008	-5.587
-9.7	-8.7	-8.24	-7.44	-6.719	-6.259	-5.816
-10.26	-9.17	-8.66	-7.79	-7.01	-6.546	-6.047
-10.56	-9.53	-9.02	-8.13	-7.35	-6.826	-6.325
-10.08	-9.37	-8.97	-8.24	-7.54	-7.02	-6.535
-10.09	-9.32	-8.92	-8.24	-7.6	-7.17	-6.709
-10.02	-9.37	-8.97	-8.34	-7.72	-7.26	-6.803
-9.66	-9.16	-8.85	-8.29	-7.74	-7.36	-6.903
-9.34	-8.96	-8.66	-8.24	-7.74	-7.37	-6.994
-8.88	-8.61	-8.41	-8.04	-7.65	-7.37	-7
-8.53	-8.32	-8.16	-7.89	-7.55	-7.27	-6.986
-8.23	-8.08	-7.95	-7.7	-7.45	-7.22	-6.952
-7.91	-7.83	-7.72	-7.55	-7.31	-7.13	-6.857
-7.64	-7.62	-7.52	-7.35	-7.17	-7.03	-6.81
-7.35	-7.38	-7.28	-7.2	-7.06	-6.914	-6.715
-7.25	-7.23	-7.14	-7.06	-6.922	-6.791	-6.645
-7.49	-7.33	-7.19	-7.02	-6.832	-6.743	-6.573
-7.88	-7.57	-7.38	-7.11	-6.873	-6.738	-6.558
-8.23	-7.86	-7.62	-7.25	-6.964	-6.784	-6.567
-8.68	-8.17	-7.91	-7.49	-7.11	-6.88	-6.661
-9.14	-8.55	-8.26	-7.74	-7.3	-7.02	-6.756
-9.55	-8.91	-8.56	-8.02	-7.54	-7.22	-6.898
-9.76	-9.17	-8.82	-8.24	-7.74	-7.41	-7.09
-9.61	-9.17	-8.87	-8.39	-7.89	-7.56	-7.23
-9.4	-9.01	-8.79	-8.39	-7.99	-7.66	-7.33
-9.28	-8.93	-8.72	-8.34	-7.99	-7.71	-7.42
-9.24	-8.91	-8.72	-8.34	-7.99	-7.76	-7.43
-9.4	-9.01	-8.77	-8.39	-8.04	-7.75	-7.47
-9.66	-9.22	-8.92	-8.49	-8.09	-7.8	-7.52
-9.87	-9.37	-9.11	-8.64	-8.22	-7.9	-7.62
-10.08	-9.53	-9.27	-8.79	-8.33	-8.05	-7.72
-10.24	-9.68	-9.41	-8.89	-8.43	-8.15	-7.82
-10.39	-9.84	-9.54	-9.05	-8.59	-8.25	-7.91
-10.4	-9.89	-9.59	-9.15	-8.69	-8.35	-8.01
-10.34	-9.89	-9.64	-9.2	-8.74	-8.45	-8.11
-10.29	-9.89	-9.64	-9.2	-8.79	-8.5	-8.16
-10.21	-9.84	-9.59	-9.2	-8.84	-8.55	-8.23
-10.18	-9.84	-9.59	-9.2	-8.84	-8.56	-8.27
-10.03	-9.77	-9.54	-9.2	-8.84	-8.6	-8.32
-9.71	-9.53	-9.38	-9.1	-8.84	-8.6	-8.32
-9.45	-9.32	-9.18	-9	-8.74	-8.55	-8.32
-9.6	-9.37	-9.17	-8.94	-8.69	-8.5	-8.27
-9.76	-9.48	-9.28	-8.95	-8.69	-8.5	-8.27
-10.08	-9.68	-9.43	-9.05	-8.74	-8.5	-8.26
-10.4	-9.95	-9.67	-9.25	-8.84	-8.6	-8.31
-10.83	-10.26	-9.96	-9.45	-8.99	-8.7	-8.41
-11.16	-10.53	-10.22	-9.67	-9.19	-8.85	-8.56
-11.21	-10.69	-10.37	-9.83	-9.35	-9.01	-8.66
-11.16	-10.69	-10.38	-9.93	-9.46	-9.11	-8.77
-11.04	-10.64	-10.38	-9.93	-9.51	-9.22	-8.87
-10.94	-10.58	-10.33	-9.93	-9.51	-9.27	-8.92
-10.88	-10.53	-10.28	-9.93	-9.57	-9.27	-8.97
-10.94	-10.58	-10.33	-9.93	-9.57	-9.32	-9.02
-10.89	-10.57	-10.33	-9.99	-9.62	-9.32	-9.02
-10.72	-10.47	-10.28	-9.93	-9.62	-9.37	-9.07
-10.66	-10.37	-10.17	-9.88	-9.57	-9.32	-9.07
-10.78	-10.42	-10.22	-9.88	-9.57	-9.32	-9.07
-10.94	-10.53	-10.33	-9.93	-9.62	-9.37	-9.07
-11.21	-10.75	-10.49	-10.04	-9.67	-9.42	-9.12
-11.49	-10.96	-10.71	-10.2	-9.77	-9.48	-9.22
-11.6	-11.11	-10.82	-10.36	-9.88	-9.59	-9.27
-11.56	-11.13	-10.87	-10.41	-9.99	-9.69	-9.38
-11.05	-10.85	-10.65	-10.36	-9.99	-9.74	-9.44
-10.61	-10.48	-10.38	-10.14	-9.91	-9.69	-9.44
-10.29	-10.24	-10.12	-9.99	-9.77	-9.58	-9.38
-10.18	-10.1	-9.96	-9.83	-9.67	-9.52	-9.33
-10.25	-10.1	-9.96	-9.77	-9.57	-9.42	-9.23
-10.29	-10.1	-9.96	-9.77	-9.57	-9.37	-9.23
-10.51	-10.23	-10.06	-9.77	-9.57	-9.37	-9.18
-10.45	-10.26	-10.12	-9.83	-9.57	-9.42	-9.18
-10.24	-10.1	-9.96	-9.77	-9.57	-9.42	-9.22
-10.08	-9.95	-9.85	-9.67	-9.51	-9.37	-9.18
-9.92	-9.84	-9.75	-9.62	-9.46	-9.32	-9.13
-9.87	-9.79	-9.69	-9.51	-9.36	-9.27	-9.07
-10.02	-9.84	-9.69	-9.51	-9.36	-9.22	-9.07
-10.27	-10	-9.85	-9.57	-9.36	-9.22	-9.03
-10.56	-10.21	-10.01	-9.72	-9.43	-9.27	-9.07
-10.83	-10.42	-10.22	-9.83	-9.52	-9.32	-9.13
-11.05	-10.64	-10.38	-9.99	-9.67	-9.42	-9.18
-11.11	-10.75	-10.49	-10.1	-9.77	-9.53	-9.28
-11.05	-10.75	-10.5	-10.16	-9.83	-9.58	-9.34
-10.99	-10.69	-10.49	-10.2	-9.88	-9.63	-9.38
-11.09	-10.75	-10.54	-10.2	-9.88	-9.69	-9.44
-11.18	-10.8	-10.6	-10.25	-9.93	-9.69	-9.49
-11.38	-10.96	-10.71	-10.31	-9.99	-9.74	-9.49
-11.49	-11.07	-10.82	-10.41	-10.04	-9.8	-9.54
-11.63	-11.18	-10.92	-10.52	-10.14	-9.9	-9.63
-11.77	-11.29	-11.03	-10.57	-10.2	-9.95	-9.7
-11.94	-11.46	-11.14	-10.73	-10.31	-10.05	-9.75
-12.05	-11.51	-11.25	-10.79	-10.41	-10.11	-9.85
-12.11	-11.63	-11.31	-10.9	-10.47	-10.22	-9.91
-12.06	-11.63	-11.37	-10.95	-10.52	-10.27	-9.96
-11.77	-11.46	-11.25	-10.9	-10.57	-10.32	-10.01
-11.66	-11.35	-11.14	-10.85	-10.52	-10.29	-10.01
-11.44	-11.24	-11.03	-10.79	-10.49	-10.27	-10.01
-11.22	-11.07	-10.92	-10.68	-10.41	-10.26	-10.01
-11.1	-10.96	-10.82	-10.57	-10.36	-10.21	-9.97
-11.1	-10.91	-10.76	-10.52	-10.31	-10.16	-9.96
-11.21	-10.96	-10.8	-10.52	-10.31	-10.11	-9.91
-11.27	-11.02	-10.82	-10.57	-10.31	-10.11	-9.91
-11.44	-11.13	-10.92	-10.63	-10.36	-10.16	-9.96
-11.6	-11.24	-11.03	-10.73	-10.41	-10.22	-9.96
-11.6	-11.29	-11.09	-10.79	-10.47	-10.27	-10.01
-11.48	-11.24	-11.09	-10.79	-10.52	-10.27	-10.06
-11.32	-11.13	-10.98	-10.74	-10.47	-10.27	-10.06
-11.32	-11.1	-10.92	-10.68	-10.47	-10.27	-10.06
-11.27	-11.07	-10.92	-10.68	-10.42	-10.27	-10.06
-11.21	-11.02	-10.87	-10.63	-10.41	-10.27	-10.06
-11.12	-10.96	-10.82	-10.63	-10.41	-10.22	-10.04
-10.99	-10.89	-10.76	-10.57	-10.36	-10.22	-10.01
-10.56	-10.62	-10.55	-10.47	-10.31	-10.17	-10.01
-9.83	-10.08	-10.12	-10.15	-10.13	-10.06	-9.91
-9.66	-9.82	-9.81	-9.89	-9.89	-9.86	-9.81
-9.92	-9.89	-9.85	-9.78	-9.77	-9.74	-9.64
-10.24	-10.1	-9.99	-9.83	-9.73	-9.69	-9.59
-10.29	-10.16	-10.06	-9.88	-9.77	-9.69	-9.55
-10.29	-10.16	-10.06	-9.93	-9.77	-9.69	-9.54
-10.18	-10.1	-10.01	-9.88	-9.77	-9.66	-9.54
-9.89	-9.95	-9.86	-9.82	-9.72	-9.64	-9.53
-9.71	-9.74	-9.7	-9.67	-9.62	-9.57	-9.47
-9.55	-9.63	-9.59	-9.57	-9.52	-9.48	-9.38
-9.25	-9.43	-9.44	-9.46	-9.41	-9.38	-9.34
-9.09	-9.26	-9.23	-9.3	-9.31	-9.27	-9.23
-9.1	-9.22	-9.17	-9.2	-9.2	-9.21	-9.14
-8.98	-9.12	-9.13	-9.15	-9.15	-9.12	-9.08
-8.78	-8.97	-8.98	-9.03	-9.05	-9.07	-9.03
-8.53	-8.76	-8.77	-8.89	-8.95	-8.97	-8.93
-8.43	-8.65	-8.67	-8.75	-8.8	-8.86	-8.83
-8.33	-8.56	-8.57	-8.65	-8.72	-8.76	-8.77
-8.19	-8.41	-8.46	-8.54	-8.65	-8.66	-8.67
-8.03	-8.26	-8.32	-8.45	-8.55	-8.56	-8.57
-7.77	-8.06	-8.12	-8.29	-8.4	-8.46	-8.5
-7.58	-7.91	-7.97	-8.15	-8.29	-8.36	-8.39
-7.33	-7.69	-7.77	-8	-8.15	-8.26	-8.27
-7.12	-7.52	-7.63	-7.85	-8	-8.11	-8.17
-7.06	-7.42	-7.48	-7.7	-7.9	-8	-8.07
-7.1	-7.38	-7.47	-7.63	-7.8	-7.91	-7.98
-7.06	-7.33	-7.4	-7.55	-7.7	-7.81	-7.88
-4.491	-4.443	-5.088	-6.174	-7.1	-7.53	-7.74
-1.451	-1.996	-2.421	-3.979	-5.902	-6.72	-7.2
-0.052	-1.037	-1.505	-2.673	-4.2	-5.213	-6.05
-0.052	-1.122	-1.552	-2.473	-3.709	-4.586	-5.357
-0.075	-1.123	-1.512	-2.348	-3.451	-4.21	-4.929
-0.169	-1.116	-1.466	-2.243	-3.231	-3.934	-4.617
-0.201	-1.15	-1.424	-2.135	-3.061	-3.712	-4.346
-0.415	-1.297	-1.511	-2.135	-2.976	-3.58	-4.15
-0.247	-1.158	-1.511	-2.142	-2.934	-3.464	-4.003
-0.17	-1.083	-1.432	-2.101	-2.856	-3.373	-3.873
-0.061	-0.881	-1.236	-1.908	-2.694	-3.25	-3.75
-0.022	-0.765	-1.109	-1.773	-2.562	-3.089	-3.615
0.418	-0.576	-0.949	-1.649	-2.417	-2.947	-3.443
0.065	-0.568	-0.909	-1.528	-2.304	-2.82	-3.315
0.254	-0.459	-0.825	-1.446	-2.185	-2.696	-3.192
0.377	-0.423	-0.75	-1.368	-2.066	-2.569	-3.061
0.328	-0.411	-0.711	-1.286	-1.982	-2.485	-2.934
0.814	-0.33	-0.671	-1.245	-1.896	-2.401	-2.85
1.632	-0.23	-0.592	-1.165	-1.851	-2.319	-2.766
1.583	-0.215	-0.553	-1.126	-1.778	-2.236	-2.683
2.905	-0.042	-0.518	-1.092	-1.697	-2.153	-2.603
6.155	0.424	-0.409	-1.032	-1.665	-2.088	-2.529
1.531	-0.067	-0.444	-1.002	-1.609	-2.023	-2.468
0.538	-0.205	-0.467	-0.958	-1.563	-1.982	-2.385
1.744	-0.099	-0.436	-0.94	-1.528	-1.941	-2.343
3.716	0.133	-0.402	-0.932	-1.494	-1.881	-2.271
3.963	0.224	-0.356	-0.891	-1.454	-1.85	-2.226
-0.013	-0.209	-0.428	-0.839	-1.402	-1.817	-2.178
0.909	-0.146	-0.402	-0.812	-1.376	-1.749	-2.136
0.432	-0.183	-0.389	-0.803	-1.328	-1.721	-2.096
-0.013	-0.248	-0.389	-0.799	-1.32	-1.695	-2.055
-0.013	-0.248	-0.389	-0.799	-1.279	-1.654	-2.014
-0.021	-0.26	-0.402	-0.773	-1.274	-1.621	-1.979
1.407	-0.064	-0.369	-0.78	-1.265	-1.593	-1.952
3.64	0.168	-0.324	-0.773	-1.233	-1.581	-1.902
0.945	-0.058	-0.317	-0.726	-1.205	-1.533	-1.89
3.082	0.177	-0.283	-0.71	-1.172	-1.499	-1.857
2.649	0.175	-0.244	-0.687	-1.167	-1.498	-1.816
3.552	0.365	-0.128	-0.358	-1.092	-1.458	-1.778
8.38	1.132	-0.058	-0.621	-1.104	-1.431	-1.748
7.18	1.27	-0.003	-0.614	-1.093	-1.393	-1.705
1.579	0.618	-0.089	-0.575	-1.052	-1.377	-1.694
2.831	0.842	-0.05	-0.535	-1.012	-1.338	-1.658
-0.013	-0.092	-0.154	-0.522	-0.998	-1.301	-1.606
2.101	0.447	-0.091	-0.499	-0.978	-1.263	-1.579
7.12	1.285	0.021	-0.506	-0.945	-1.27	-1.545
8.16	1.997	0.178	-0.465	-0.938	-1.223	-1.539
7.56	2.026	0.304	-0.457	-0.893	-1.222	-1.498
5.423	3.125	2.069	-0.411	-0.89	-1.176	-1.491
5.107	1.236	0.668	-0.378	-0.858	-1.142	-1.458
9.81	3.694	1.512	-0.306	-0.819	-1.103	-1.419
7.63	3.329	1.517	-0.26	-0.773	-1.096	-1.37
9.58	3.695	1.651	-0.227	-0.74	-1.062	-1.345
11.07	4.521	2.045	-0.189	-0.701	-1.028	-1.343
10.99	4.826	2.292	-0.15	-0.661	-0.982	-1.296
9	4.118	2.072	-0.104	-0.655	-0.98	-1.255
11.65	5.412	2.696	-0.045	-0.621	-0.942	-1.237
11.07	5.097	2.671	0.007	-0.582	-0.902	-1.216
8.96	4.334	2.383	0.088	-0.543	-0.858	-1.17
11.12	5.307	2.805	0.168	-0.536	-0.862	-1.136
11.1	5.312	3.014	0.359	-0.503	-0.823	-1.136
12.05	5.687	3.143	0.482	-0.463	-0.783	-1.096
12	6.114	3.533	0.656	-0.437	-0.782	-1.056
8.37	3.345	2.191	0.553	-0.419	-0.741	-1.055
11.89	5.634	3.327	0.778	-0.385	-0.704	-1.018
14.55	7.11	4.222	1.081	-0.365	-0.677	-0.983
13.58	7.12	4.436	1.342	-0.352	-0.671	-0.967
8.2	5.433	3.848	1.43	-0.339	-0.657	-0.93
8.89	4.823	3.086	1.085	-0.301	-0.623	-0.935
8.35	4.719	3.097	1.126	-0.286	-0.588	-0.892
5.653	3.479	2.393	0.941	-0.254	-0.572	-0.885
3.498	2.296	1.673	0.719	-0.254	-0.572	-0.844
7.4	3.432	2.038	0.635	-0.228	-0.539	-0.818
6.457	3.367	2.183	0.75	-0.215	-0.537	-0.811
6.99	3.462	2.191	0.75	-0.218	-0.513	-0.811
5.97	3.128	2.008	0.715	-0.215	-0.493	-0.766
7.38	3.764	2.398	0.825	-0.221	-0.499	-0.771
7.79	3.773	2.298	0.788	-0.219	-0.499	-0.771
9.72	4.999	2.951	0.988	-0.182	-0.46	-0.732
9.67	5.32	3.387	1.304	-0.182	-0.46	-0.732
6.961	4.472	3.135	1.357	-0.175	-0.454	-0.729
6.877	3.879	2.63	1.13	-0.182	-0.46	-0.709
6.642	4.115	2.732	1.092	-0.176	-0.451	-0.689
6.186	3.706	2.481	1.042	-0.136	-0.418	-0.692
7.54	4.448	2.9	1.17	-0.143	-0.421	-0.692
3.947	2.668	2.06	1.062	-0.136	-0.414	-0.678
4.372	2.818	1.996	0.855	-0.136	-0.414	-0.646
4.193	2.486	1.745	0.719	-0.135	-0.392	-0.646
7.56	3.819	2.27	0.745	-0.104	-0.381	-0.653
9.54	5.158	3.186	1.141	-0.109	-0.388	-0.62
10.39	6.012	3.915	1.589	-0.109	-0.388	-0.62
7.45	5.028	3.654	1.749	-0.06	-0.381	-0.613
5.853	3.582	2.888	1.55	-0.058	-0.345	-0.607
4.62	2.773	2.105	1.137	-0.058	-0.335	-0.607
5.81	3.328	2.235	0.979	-0.058	-0.337	-0.57
6.631	3.967	2.66	1.055	-0.058	-0.336	-0.569
7.72	4.597	3.046	1.205	-0.065	-0.342	-0.574
6.727	4.338	2.958	1.26	-0.039	-0.326	-0.572
5.479	3.752	2.723	1.324	-0.02	-0.299	-0.567
3.028	2.36	1.928	1.061	-0.018	-0.298	-0.566
5.899	3.523	2.206	0.894	-0.02	-0.299	-0.533
7.71	4.77	3.103	1.28	-0.026	-0.303	-0.535
6.618	3.31	2.637	1.468	-0.025	-0.303	-0.535
3.035	2.047	1.925	1.206	-0.018	-0.296	-0.528
4.822	2.423	1.786	0.903	-0.02	-0.296	-0.528
1.568	1.241	1.224	0.795	-0.013	-0.289	-0.521
3.059	1.453	1.142	0.603	-0.019	-0.296	-0.511
6.083	3.454	2.449	0.982	-0.024	-0.266	-0.495
6.106	3.917	2.97	1.39	0.013	-0.259	-0.493
6.042	3.663	2.767	1.468	0.019	-0.262	-0.494
6.053	3.679	2.727	1.356	0.016	-0.263	-0.495
4.001	2.702	2.336	1.325	0.019	-0.257	-0.489
2.224	1.504	1.343	0.871	0.023	-0.254	-0.487
5.27	3.115	2.119	0.867	-0.001	-0.262	-0.495
2.642	1.947	1.665	0.985	0.026	-0.257	-0.488
2.968	1.928	1.506	0.795	0.002	-0.257	-0.487
1.871	1.362	1.33	0.725	-0.013	-0.25	-0.482
1.766	1.13	0.982	0.489	-0.013	-0.251	-0.443
1.808	1.168	0.847	0.411	-0.013	-0.251	-0.446
0.577	0.487	0.548	0.364	-0.013	-0.25	-0.443
0.168	0.031	0.192	0.149	-0.046	-0.249	-0.442
0.023	-0.014	0.041	0.026	-0.052	-0.25	-0.443
-0.013	0.008	0.002	-0.013	-0.052	-0.25	-0.443
2.092	1.033	0.657	0.228	-0.052	-0.254	-0.448
1.041	0.78	0.773	0.449	-0.052	-0.25	-0.443
0.64	0.429	0.511	0.342	-0.051	-0.25	-0.443
0.033	-0.047	0.09	0.11	-0.046	-0.249	-0.443
-0.006	-0.124	-0.002	0.021	-0.046	-0.248	-0.442
-0.009	-0.114	-0.03	-0.006	-0.045	-0.245	-0.44
-0.045	-0.163	-0.068	-0.036	-0.048	-0.243	-0.436
-0.051	-0.091	-0.036	-0.039	-0.053	-0.25	-0.443
-0.052	-0.092	-0.037	-0.041	-0.06	-0.25	-0.443
-0.045	-0.124	-0.03	-0.045	-0.084	-0.248	-0.442
-0.052	-0.042	-0.037	-0.035	-0.084	-0.25	-0.443
-0.018	0.232	0.041	-0.013	-0.084	-0.256	-0.445
0.97	0.392	0.118	-0.013	-0.089	-0.254	-0.443
0.995	0.383	0.254	0.065	-0.091	-0.25	-0.443
0.027	-0.052	0.002	0.025	-0.091	-0.25	-0.443
-0.006	-0.085	-0.03	-0.006	-0.084	-0.246	-0.441
-0.013	-0.124	-0.03	-0.034	-0.084	-0.243	-0.436
-0.036	-0.085	-0.03	-0.042	-0.084	-0.246	-0.441
-0.045	-0.124	-0.053	-0.045	-0.084	-0.243	-0.436
-0.043	-0.092	-0.037	-0.039	-0.091	-0.25	-0.443
-0.017	-0.064	-0.037	-0.034	-0.091	-0.25	-0.443
-0.013	0.008	-0.036	-0.013	-0.091	-0.25	-0.439
-0.013	-0.038	-0.037	-0.013	-0.091	-0.25	-0.443
-0.044	-0.163	-0.068	-0.032	-0.084	-0.243	-0.436
-0.046	-0.102	-0.033	-0.035	-0.087	-0.25	-0.443
-0.052	-0.092	-0.037	-0.041	-0.091	-0.25	-0.443
-0.052	-0.092	-0.037	-0.043	-0.091	-0.25	-0.441
-0.146	-0.231	-0.069	-0.045	-0.084	-0.243	-0.436
-0.365	-0.241	-0.069	-0.045	-0.095	-0.243	-0.436
-0.724	-0.322	-0.069	-0.045	-0.111	-0.243	-0.436
-0.752	-0.319	-0.069	-0.045	-0.1	-0.243	-0.436
-0.287	-0.19	-0.071	-0.037	-0.105	-0.25	-0.443
-0.677	-0.332	-0.069	-0.042	-0.123	-0.243	-0.436
-1.539	-0.691	-0.126	-0.044	-0.123	-0.272	-0.436
-1.192	-0.594	-0.108	-0.045	-0.123	-0.272	-0.436
-1.887	-0.908	-0.178	-0.043	-0.122	-0.279	-0.436
-0.958	-0.497	-0.114	-0.045	-0.123	-0.273	-0.436
-1.034	-0.587	-0.14	-0.038	-0.116	-0.276	-0.429
-1.57	-0.791	-0.179	-0.038	-0.116	-0.277	-0.432
-2.122	-1.103	-0.297	-0.038	-0.116	-0.276	-0.429
-2.438	-1.223	-0.375	-0.038	-0.116	-0.276	-0.429
-1.878	-1.014	-0.342	-0.039	-0.117	-0.28	-0.434
-1.455	-0.81	-0.303	-0.045	-0.123	-0.283	-0.436
-1.036	-0.594	-0.226	-0.045	-0.123	-0.283	-0.436
-0.912	-0.515	-0.225	-0.045	-0.123	-0.283	-0.436
-0.831	-0.476	-0.225	-0.045	-0.123	-0.283	-0.436
-0.679	-0.428	-0.186	-0.045	-0.123	-0.284	-0.438
-0.831	-0.475	-0.225	-0.045	-0.123	-0.283	-0.436
-1.432	-0.673	-0.264	-0.045	-0.123	-0.283	-0.436
-1.473	-0.791	-0.382	-0.045	-0.123	-0.283	-0.436
-0.091	-0.248	-0.193	-0.052	-0.13	-0.289	-0.443
-0.084	-0.202	-0.147	-0.045	-0.123	-0.283	-0.436
-0.989	-0.358	-0.147	-0.045	-0.123	-0.283	-0.436
-2.335	-0.901	-0.382	-0.042	-0.156	-0.283	-0.436
-2.493	-1.27	-0.666	-0.043	-0.159	-0.283	-0.436
-5.034	-2.227	-1.128	-0.071	-0.149	-0.269	-0.423
-5.173	-2.51	-1.478	-0.071	-0.149	-0.269	-0.423
-5.815	-2.906	-1.776	-0.11	-0.149	-0.269	-0.423
-4.056	-2.205	-1.452	-0.155	-0.155	-0.276	-0.429
-3.533	-2.093	-1.41	-0.194	-0.154	-0.276	-0.429
-2.497	-1.613	-1.136	-0.24	-0.159	-0.283	-0.436
-1.635	-1.15	-0.821	-0.24	-0.162	-0.283	-0.436
-1.784	-1.15	-0.816	-0.235	-0.155	-0.28	-0.434
-1.677	-1.11	-0.797	-0.279	-0.162	-0.283	-0.436
-1.595	-1.07	-0.777	-0.279	-0.162	-0.283	-0.436
-1.665	-1.081	-0.777	-0.313	-0.158	-0.282	-0.436
-1.802	-1.15	-0.816	-0.314	-0.156	-0.278	-0.432
-2.874	-1.674	-1.158	-0.391	-0.155	-0.276	-0.429
-2.208	-1.483	-1.124	-0.476	-0.162	-0.283	-0.436
-2.549	-1.592	-1.16	-0.488	-0.155	-0.276	-0.429
-3.002	-1.918	-1.381	-0.588	-0.194	-0.276	-0.429
-3.385	-2.118	-1.57	-0.706	-0.194	-0.309	-0.429
-3.991	-2.53	-1.899	-0.905	-0.227	-0.309	-0.423
-3.556	-2.453	-1.947	-1.065	-0.312	-0.315	-0.429
-3.129	-2.288	-1.865	-1.145	-0.43	-0.355	-0.469
-3.342	-2.425	-1.983	-1.266	-0.588	-0.451	-0.508
-3.692	-2.661	-2.194	-1.437	-0.827	-0.631	-0.59
-4.389	-3.16	-2.609	-1.784	-1.109	-0.869	-0.784
-4.377	-3.422	-2.945	-2.17	-1.483	-1.195	-1.024
-4.882	-3.767	-3.265	-2.502	-1.845	-1.548	-1.304
-5.787	-4.349	-3.791	-2.963	-2.246	-1.882	-1.627
-7.2	-5.448	-4.766	-3.685	-2.758	-2.316	-1.959
-7.13	-5.755	-5.17	-4.256	-3.315	-2.795	-2.369
-7.19	-6.051	-5.541	-4.67	-3.776	-3.237	-2.783
-7.24	-6.279	-5.815	-5.017	-4.124	-3.61	-3.159
-7.41	-6.508	-6.046	-5.288	-4.432	-3.949	-3.467
-9.03	-7.51	-6.886	-5.833	-4.832	-4.264	-3.768
-8.93	-7.72	-7.18	-6.255	-5.237	-4.662	-4.115
-9.04	-7.91	-7.37	-6.489	-5.555	-4.975	-4.422
-9.44	-8.2	-7.69	-6.773	-5.834	-5.246	-4.729
-9.3	-8.25	-7.81	-6.964	-6.068	-5.519	-4.975
-9.18	-8.25	-7.86	-7.11	-6.255	-5.709	-5.183
-8.58	-7.96	-7.62	-7.02	-6.348	-5.847	-5.366
-8.35	-7.81	-7.52	-6.986	-6.348	-5.939	-5.502
-8.23	-7.62	-7.36	-6.868	-6.348	-5.986	-5.564
-8.58	-7.88	-7.54	-7.01	-6.395	-6.032	-5.639
-8.82	-8.26	-7.91	-7.3	-6.631	-6.172	-5.777
-7.64	-7.52	-7.38	-7.1	-6.637	-6.27	-5.869
-7.01	-6.986	-6.896	-6.717	-6.445	-6.178	-5.871
-7.2	-6.94	-6.798	-6.536	-6.256	-6.079	-5.823
-7.25	-7.04	-6.85	-6.587	-6.262	-6.032	-5.777
-7.4	-7.08	-6.893	-6.631	-6.301	-6.032	-5.821
-7.8	-7.37	-7.13	-6.773	-6.352	-6.125	-5.827
-7.78	-7.42	-7.23	-6.868	-6.489	-6.219	-5.915
-7.93	-7.56	-7.32	-6.964	-6.536	-6.265	-6.007
-7.98	-7.56	-7.37	-7.01	-6.631	-6.359	-6.084
-7.98	-7.66	-7.47	-7.11	-6.725	-6.453	-6.146
-8.57	-8	-7.71	-7.3	-6.82	-6.547	-6.239
-9.08	-8.39	-8.06	-7.54	-7.01	-6.687	-6.373
-9.42	-8.74	-8.41	-7.84	-7.25	-6.879	-6.514
-9.86	-9.11	-8.76	-8.13	-7.49	-7.08	-6.703
-10.05	-9.42	-9.07	-8.43	-7.74	-7.31	-6.898
-8.63	-8.6	-8.48	-8.24	-7.79	-7.46	-7.04
-8.26	-8.21	-8.11	-7.91	-7.6	-7.37	-7.05
-6.558	-7.11	-7.23	-7.37	-7.36	-7.22	-7.01
-6.306	-6.716	-6.808	-6.928	-6.976	-6.914	-6.797
-6.113	-6.379	-6.425	-6.572	-6.641	-6.648	-6.573
-6.746	-6.643	-6.564	-6.492	-6.492	-6.457	-6.38
-10.02	-8.6	-8.07	-7.28	-6.719	-6.494	-6.327
-9.39	-8.8	-8.47	-7.91	-7.26	-6.915	-6.614
-8.19	-8.16	-8.05	-7.79	-7.4	-7.13	-6.81
-7.91	-7.76	-7.67	-7.5	-7.27	-7.07	-6.851
-8.1	-7.86	-7.72	-7.5	-7.21	-7.02	-6.851
-7.98	-7.76	-7.67	-7.45	-7.21	-7.03	-6.851
-8.15	-7.76	-7.58	-7.36	-7.16	-7.02	-6.849
-10.38	-9.11	-8.61	-7.9	-7.34	-7.08	-6.839
-10.99	-9.83	-9.32	-8.49	-7.73	-7.35	-7.03
-11.26	-10.21	-9.73	-8.93	-8.13	-7.65	-7.28
-11.17	-10.3	-9.91	-9.19	-8.43	-7.94	-7.51
-11.59	-10.63	-10.21	-9.45	-8.68	-8.19	-7.76
-11.71	-10.85	-10.44	-9.76	-8.94	-8.47	-8.01
-11.94	-11.07	-10.65	-9.97	-9.19	-8.69	-8.23
-12.39	-11.45	-11.03	-10.27	-9.45	-8.95	-8.46
-12.59	-11.73	-11.3	-10.57	-9.72	-9.21	-8.71
-12.62	-11.79	-11.42	-10.73	-9.97	-9.47	-8.92
-12.62	-11.9	-11.53	-10.89	-10.13	-9.62	-9.11
-13.04	-12.19	-11.76	-11.05	-10.29	-9.83	-9.32
-13.27	-12.47	-12.09	-11.35	-10.56	-10.04	-9.53
-12.67	-12.22	-11.95	-11.4	-10.74	-10.21	-9.69
-11.94	-11.64	-11.48	-11.12	-10.63	-10.21	-9.79
-11.38	-11.24	-11.11	-10.85	-10.47	-10.16	-9.8
-11.44	-11.13	-10.98	-10.68	-10.3	-10.05	-9.69
-11.05	-10.95	-10.82	-10.58	-10.25	-10	-9.7
-10.78	-10.69	-10.6	-10.41	-10.11	-9.9	-9.64
-9.99	-10.17	-10.17	-10.12	-9.94	-9.8	-9.54
-9.97	-9.95	-9.9	-9.83	-9.72	-9.58	-9.38
-9.63	-9.75	-9.75	-9.69	-9.57	-9.46	-9.28
-9.88	-9.79	-9.69	-9.57	-9.42	-9.32	-9.18
-9.97	-9.84	-9.72	-9.57	-9.38	-9.27	-9.07
-10.67	-10.21	-10	-9.67	-9.4	-9.21	-9.07
-10.78	-10.48	-10.28	-9.97	-9.57	-9.32	-9.12
-11.13	-10.64	-10.38	-10.04	-9.66	-9.42	-9.17
-12.25	-11.28	-10.88	-10.3	-9.81	-9.52	-9.22
-12.92	-11.83	-11.41	-10.78	-10.13	-9.77	-9.42
-14.13	-12.88	-12.37	-11.5	-10.6	-10.1	-9.65
-13.45	-12.65	-12.32	-11.67	-10.89	-10.42	-9.95
-13.74	-12.82	-12.44	-11.78	-11.05	-10.63	-10.16
-14.31	-13.27	-12.84	-12.06	-11.28	-10.8	-10.37
-14.06	-13.29	-12.94	-12.3	-11.56	-11.08	-10.57
-13.93	-13.3	-12.97	-12.35	-11.67	-11.19	-10.75
-13.52	-13.01	-12.79	-12.3	-11.73	-11.3	-10.86
-13.34	-12.88	-12.66	-12.2	-11.67	-11.3	-10.91
-13.28	-12.83	-12.61	-12.18	-11.67	-11.3	-10.92
-13.46	-12.94	-12.67	-12.24	-11.73	-11.36	-10.97
-13.46	-13	-12.73	-12.3	-11.78	-11.41	-11.03
-13.4	-12.94	-12.73	-12.3	-11.78	-11.47	-11.08
-13.69	-13.17	-12.9	-12.41	-11.84	-11.51	-11.14
-13.82	-13.36	-13.08	-12.59	-12.01	-11.59	-11.19
-12.11	-12.3	-12.28	-12.2	-11.9	-11.64	-11.25
-12.89	-12.48	-12.27	-12.02	-11.68	-11.47	-11.2
-12.79	-12.48	-12.33	-12.02	-11.68	-11.42	-11.14
-12.69	-12.42	-12.22	-11.96	-11.62	-11.41	-11.09
-12.88	-12.53	-12.33	-11.96	-11.62	-11.36	-11.08
-13.22	-12.71	-12.5	-12.07	-11.68	-11.39	-11.08
-14.15	-13.24	-12.85	-12.26	-11.73	-11.47	-11.14
-13.82	-13.18	-12.91	-12.48	-11.94	-11.58	-11.25
-13.37	-12.99	-12.78	-12.42	-11.96	-11.63	-11.3
-14.12	-13.47	-13.14	-12.59	-12.01	-11.69	-11.36
-14.56	-13.83	-13.5	-12.88	-12.24	-11.86	-11.47
-14.56	-13.96	-13.62	-13.06	-12.41	-12.03	-11.58
-14.25	-13.78	-13.56	-13.06	-12.48	-12.1	-11.69
-13.17	-13.15	-13.06	-12.83	-12.45	-12.15	-11.75
-12.18	-12.31	-12.33	-12.31	-12.14	-11.97	-11.7
-11.67	-11.86	-11.88	-11.9	-11.81	-11.7	-11.53
-11.6	-11.69	-11.65	-11.63	-11.57	-11.48	-11.31
-11.83	-11.74	-11.64	-11.56	-11.4	-11.31	-11.17
-12.4	-12.08	-11.93	-11.68	-11.4	-11.25	-11.09
-12.92	-12.51	-12.27	-11.9	-11.53	-11.31	-11.08
-13.28	-12.83	-12.56	-12.13	-11.68	-11.42	-11.19
-13.34	-12.94	-12.67	-12.3	-11.85	-11.58	-11.25
-13.58	-13.12	-12.85	-12.42	-11.96	-11.64	-11.36
-13.87	-13.36	-13.08	-12.59	-12.07	-11.75	-11.47
-13.76	-13.36	-13.14	-12.71	-12.19	-11.87	-11.53
-13.22	-13.06	-12.91	-12.59	-12.21	-11.92	-11.64
-13.1	-12.88	-12.73	-12.48	-12.13	-11.92	-11.63
-12.92	-12.77	-12.62	-12.39	-12.07	-11.87	-11.59
-12.81	-12.6	-12.5	-12.3	-12.02	-11.81	-11.59
-12.92	-12.67	-12.51	-12.27	-11.96	-11.75	-11.53
-12.98	-12.74	-12.56	-12.3	-11.96	-11.75	-11.53
-13.28	-12.94	-12.73	-12.36	-12.02	-11.81	-11.53
-13.64	-13.23	-12.97	-12.58	-12.13	-11.86	-11.58
-13.7	-13.3	-13.08	-12.7	-12.24	-11.98	-11.64
-13.58	-13.3	-13.08	-12.71	-12.3	-12.04	-11.71
-13.52	-13.24	-13.03	-12.71	-12.3	-12.04	-11.75
-13.64	-13.3	-13.08	-12.71	-12.34	-12.09	-11.81
-13.49	-13.24	-13.03	-12.72	-12.36	-12.09	-11.81
-13.34	-13.12	-12.91	-12.65	-12.3	-12.09	-11.81
-13.34	-13.12	-12.91	-12.65	-12.3	-12.09	-11.81
-12.93	-12.84	-12.74	-12.54	-12.25	-12.04	-11.81
-12.4	-12.43	-12.39	-12.31	-12.14	-11.98	-11.76
-12.12	-12.14	-12.1	-12.02	-11.91	-11.81	-11.64
-12.34	-12.19	-12.1	-11.96	-11.79	-11.7	-11.53
-12.51	-12.31	-12.21	-12.02	-11.79	-11.64	-11.47
-12.39	-12.27	-12.16	-12.02	-11.79	-11.64	-11.47
-12.12	-12.08	-12.01	-11.91	-11.74	-11.59	-11.42
-11.7	-11.8	-11.76	-11.73	-11.63	-11.52	-11.37
-11.44	-11.52	-11.49	-11.51	-11.46	-11.37	-11.26
-11.44	-11.46	-11.42	-11.35	-11.29	-11.25	-11.14
-11.49	-11.46	-11.42	-11.34	-11.23	-11.14	-11.04
-11.49	-11.46	-11.37	-11.29	-11.18	-11.09	-10.98
-11.44	-11.4	-11.31	-11.23	-11.12	-11.08	-10.93
-11.38	-11.35	-11.26	-11.18	-11.06	-11.03	-10.92
-11.55	-11.4	-11.31	-11.18	-11.06	-10.97	-10.87
-11.72	-11.55	-11.42	-11.23	-11.06	-10.97	-10.83
-11.77	-11.63	-11.48	-11.29	-11.12	-10.97	-10.86
-11.61	-11.52	-11.42	-11.29	-11.12	-10.97	-10.87
-11.38	-11.35	-11.31	-11.18	-11.06	-10.97	-10.81
-11.38	-11.35	-11.25	-11.12	-11.01	-10.92	-10.81
-11.44	-11.35	-11.25	-11.12	-10.95	-10.86	-10.76
-11.38	-11.29	-11.24	-11.12	-10.95	-10.86	-10.76
-11.72	-11.48	-11.35	-11.16	-10.96	-10.86	-10.71
-11.94	-11.69	-11.53	-11.29	-11.05	-10.9	-10.76
-11.72	-11.63	-11.49	-11.34	-11.08	-10.92	-10.76
-11.49	-11.42	-11.37	-11.23	-11.06	-10.92	-10.76
-11.44	-11.35	-11.26	-11.18	-11.01	-10.86	-10.76
-11.27	-11.24	-11.2	-11.07	-10.96	-10.86	-10.71
-11.05	-11.08	-11.04	-10.96	-10.85	-10.8	-10.65
-10.7	-10.81	-10.82	-10.8	-10.74	-10.71	-10.6
-10.3	-10.48	-10.52	-10.58	-10.6	-10.6	-10.5
-9.92	-10.16	-10.23	-10.36	-10.42	-10.44	-10.39
-9.61	-9.9	-9.96	-10.1	-10.2	-10.27	-10.23
-9.35	-9.64	-9.72	-9.89	-10.04	-10.09	-10.12
-9.14	-9.45	-9.54	-9.68	-9.83	-9.9	-9.96
-8.99	-9.27	-9.36	-9.52	-9.68	-9.77	-9.81
-8.81	-9.12	-9.18	-9.36	-9.52	-9.64	-9.7
-8.73	-9.02	-9.08	-9.26	-9.41	-9.48	-9.54
-8.68	-8.95	-8.98	-9.16	-9.31	-9.38	-9.44
-8.43	-8.76	-8.82	-9	-9.16	-9.28	-9.34
-8.09	-8.46	-8.57	-8.8	-9	-9.12	-9.23
-7.5	-8.07	-8.22	-8.5	-8.8	-8.97	-9.08
-6.416	-6.756	-7.19	-7.92	-8.45	-8.69	-8.83
-4.758	-5.721	-6.094	-6.845	-7.61	-8.04	-8.37
-3.828	-4.784	-5.003	-5.589	-6.453	-7.04	-7.58
-3.743	-4.607	-4.824	-5.34	-6.08	-6.607	-7.1
-3.855	-4.651	-4.824	-5.249	-5.892	-6.371	-6.816
-4.089	-4.74	-4.913	-5.294	-5.847	-6.231	-6.627
-4.176	-4.607	-4.868	-5.34	-5.825	-6.184	-6.532
-0.045	-0.734	-0.943	-2.192	-4.709	-5.737	-6.332
-0.051	-0.883	-1.303	-2.224	-3.652	-4.592	-5.422
-0.057	-0.997	-1.388	-2.221	-3.372	-4.195	-4.929
-0.175	-1.043	-1.396	-2.148	-3.195	-3.924	-4.621
-0.163	-0.912	-1.316	-2.024	-3.032	-3.722	-4.359
-0.13	-0.877	-1.225	-1.936	-2.885	-3.54	-4.134
-0.091	-0.804	-1.149	-1.813	-2.727	-3.372	-3.96
0.02	-0.724	-1.069	-1.735	-2.605	-3.201	-3.79
0.122	-0.653	-0.989	-1.615	-2.479	-3.074	-3.621
0.146	-0.605	-0.944	-1.569	-2.39	-2.941	-3.484
0.194	-0.575	-0.903	-1.486	-2.307	-2.856	-3.371
0.191	-0.561	-0.863	-1.444	-2.224	-2.73	-3.266
0.103	-0.561	-0.823	-1.4	-2.141	-2.646	-3.161
0.041	-0.561	-0.823	-1.36	-2.1	-2.573	-3.054
0.662	-0.464	-0.79	-1.326	-2.018	-2.523	-2.976
0.176	-0.483	-0.744	-1.279	-1.977	-2.437	-2.926
0.098	-0.487	-0.744	-1.245	-1.936	-2.395	-2.844
0.43	-0.45	-0.75	-1.205	-1.886	-2.313	-2.765
0.824	-0.402	-0.703	-1.171	-1.82	-2.277	-2.724
0.524	-0.423	-0.671	-1.165	-1.779	-2.236	-2.641
1.115	-0.322	-0.636	-1.132	-1.738	-2.163	-2.6
2.053	-0.19	-0.599	-1.092	-1.7	-2.118	-2.522
1.614	-0.222	-0.568	-1.045	-1.652	-2.07	-2.474
2.366	-0.145	-0.53	-1.012	-1.616	-2.031	-2.437
3.345	0.019	-0.481	-0.972	-1.582	-1.995	-2.371
4.287	0.181	-0.441	-0.932	-1.536	-1.953	-2.315
5.182	0.432	-0.363	-0.894	-1.5	-1.878	-2.274
5.927	0.517	-0.322	-0.852	-1.457	-1.831	-2.232
5.654	0.608	-0.252	-0.819	-1.413	-1.797	-2.161
6.28	0.913	-0.193	-0.778	-1.366	-1.749	-2.109
5.221	0.838	-0.167	-0.733	-1.315	-1.708	-2.068
5.124	1.042	-0.092	-0.694	-1.258	-1.668	-2.027
5.795	1.192	-0.05	-0.654	-1.215	-1.594	-1.986
8.23	1.963	0.1	-0.621	-1.178	-1.546	-1.935
8.1	2.254	0.194	-0.575	-1.135	-1.505	-1.904
9.92	2.904	0.375	-0.566	-1.11	-1.467	-1.841
10.3	3.322	0.603	-0.542	-1.098	-1.469	-1.822
10.51	3.573	0.814	-0.503	-1.058	-1.426	-1.786
9.76	3.686	1.001	-0.46	-1.018	-1.384	-1.741
8.81	3.408	1.027	-0.417	-0.973	-1.342	-1.7
9.4	3.651	1.197	-0.396	-0.947	-1.303	-1.66
9.38	3.891	1.39	-0.378	-0.936	-1.263	-1.619
9.3	4.353	1.799	-0.339	-0.897	-1.26	-1.579
9.94	4.777	2.168	-0.303	-0.859	-1.223	-1.538
11.16	5.195	2.36	-0.267	-0.821	-1.188	-1.505
10.81	5.25	2.484	-0.189	-0.779	-1.142	-1.498
7.79	3.949	1.913	-0.182	-0.773	-1.096	-1.451
7.03	3.602	1.73	-0.143	-0.733	-1.094	-1.411
7.87	3.961	1.955	-0.143	-0.693	-1.056	-1.37
7.9	3.801	1.853	-0.104	-0.69	-1.017	-1.339
12.15	5.997	2.922	-0.072	-0.661	-0.983	-1.34
13.9	7.2	3.628	-0.032	-0.625	-0.969	-1.303
9.9	5.476	3.046	0.051	-0.617	-0.942	-1.256
11.39	5.992	3.19	0.122	-0.582	-0.902	-1.239
12.25	6.71	3.588	0.278	-0.542	-0.866	-1.216
13.24	7.27	3.996	0.469	-0.507	-0.869	-1.183
12.26	7.14	4.13	0.705	-0.463	-0.823	-1.136
5.35	3.152	2.251	0.944	-0.45	-0.788	-1.123
7.12	3.633	1.929	0.483	-0.417	-0.776	-1.09
4.311	1.362	0.998	0.367	-0.371	-0.733	-1.048
6.262	2.177	1.519	0.444	-0.378	-0.697	-1.05
5.099	2.303	1.567	0.485	-0.369	-0.696	-1.01
7.06	3.838	2.351	0.605	-0.339	-0.657	-0.985
6.803	3.929	2.484	0.674	-0.337	-0.657	-0.97
10.94	6.043	3.451	0.813	-0.311	-0.626	-0.937
11.6	6.82	4.142	1.161	-0.306	-0.625	-0.939
11.33	6.912	4.29	1.346	-0.305	-0.625	-0.937
7.56	5.103	3.583	1.393	-0.297	-0.615	-0.89
9.74	6.07	3.807	1.29	-0.266	-0.585	-0.897
9.02	5.776	3.827	1.442	-0.26	-0.578	-0.851
8.65	5.736	3.848	1.505	-0.221	-0.539	-0.851
5.587	2.96	2.554	1.36	-0.215	-0.532	-0.82
7.2	3.074	2.171	0.936	-0.189	-0.5	-0.812
8.43	4.872	3.28	1.275	-0.182	-0.499	-0.788
9.41	5.349	3.622	1.543	-0.182	-0.498	-0.772
9.15	5.653	3.809	1.648	-0.181	-0.46	-0.773
8.55	5.269	3.692	1.691	-0.143	-0.46	-0.732
7.8	5.028	3.607	1.683	-0.143	-0.46	-0.732
8.44	4.897	3.388	1.555	-0.126	-0.421	-0.732
5.874	3.56	2.979	1.585	-0.097	-0.415	-0.695
3.173	2.248	2.026	1.174	-0.094	-0.414	-0.686
1.497	1.144	1.086	0.681	-0.091	-0.407	-0.679
1.485	0.851	0.771	0.413	-0.091	-0.384	-0.679
1.709	1.079	0.956	0.451	-0.091	-0.368	-0.641
4.592	2.16	1.538	0.621	-0.099	-0.379	-0.652
4.302	2.552	1.932	0.854	-0.097	-0.375	-0.646
4.832	2.828	2.044	0.903	-0.097	-0.375	-0.643
4.103	2.701	2.027	0.985	-0.088	-0.375	-0.607
4.524	2.787	2.038	0.956	-0.058	-0.366	-0.607
4.375	2.558	1.934	0.909	-0.058	-0.335	-0.607
5.447	3.369	2.339	1.018	-0.058	-0.336	-0.61
4.665	3.104	2.334	1.137	-0.058	-0.335	-0.607
3.6	2.457	2.02	1.099	-0.052	-0.332	-0.592
2.337	1.569	1.409	0.827	-0.052	-0.329	-0.561
1.84	1.129	1.008	0.566	-0.052	-0.329	-0.561
1.869	1.089	0.956	0.489	-0.052	-0.329	-0.561
0.572	0.532	0.562	0.372	-0.052	-0.329	-0.561
0.226	0.186	0.235	0.181	-0.083	-0.329	-0.561
0.094	0.026	0.08	0.065	-0.091	-0.329	-0.561
0.066	-0.013	0.041	-0.008	-0.091	-0.323	-0.561
0.065	-0.043	0.002	-0.013	-0.091	-0.302	-0.553
1.087	0.33	0.196	0.04	-0.091	-0.298	-0.521
1.744	0.905	0.733	0.297	-0.091	-0.297	-0.525
2.26	1.375	1.079	0.489	-0.091	-0.296	-0.523
2.903	1.648	1.226	0.518	-0.096	-0.296	-0.528
2.403	1.371	0.999	0.477	-0.092	-0.295	-0.528
3.558	2.029	1.489	0.648	-0.096	-0.296	-0.528
1.189	0.964	0.984	0.61	-0.08	-0.289	-0.521
0.408	0.266	0.354	0.265	-0.084	-0.283	-0.516
0.065	0.025	0.08	0.065	-0.091	-0.289	-0.521
0.755	0.218	0.118	0.026	-0.091	-0.289	-0.521
2.588	1.319	0.771	0.22	-0.094	-0.296	-0.528
4.44	2.718	1.749	0.681	-0.097	-0.296	-0.512
4.204	2.885	2.119	1.021	-0.058	-0.296	-0.512
3.501	2.472	2.012	1.061	-0.057	-0.296	-0.499
2.281	1.648	1.436	0.785	-0.052	-0.289	-0.49
1.333	0.91	0.84	0.492	-0.052	-0.289	-0.485
1.117	0.563	0.427	0.22	-0.055	-0.289	-0.482
0.26	0.206	0.235	0.15	-0.091	-0.289	-0.482
0.149	0.07	0.123	0.069	-0.09	-0.289	-0.482
0.033	-0.046	0.009	-0.007	-0.087	-0.289	-0.482
-0.013	-0.053	-0.037	-0.013	-0.091	-0.289	-0.482
0.003	-0.053	-0.037	-0.03	-0.091	-0.289	-0.482
0.4	0.025	0.038	-0.013	-0.091	-0.289	-0.482
-0.006	-0.046	-0.03	-0.006	-0.084	-0.288	-0.481
-0.029	-0.085	-0.03	-0.037	-0.084	-0.283	-0.475
-0.045	-0.124	-0.037	-0.045	-0.085	-0.283	-0.475
-0.045	-0.085	-0.03	-0.045	-0.088	-0.286	-0.481
-0.045	-0.124	-0.054	-0.045	-0.102	-0.283	-0.475
-0.05	-0.09	-0.036	-0.052	-0.107	-0.289	-0.482
-0.049	-0.064	-0.037	-0.032	-0.12	-0.289	-0.482
-0.051	-0.09	-0.037	-0.041	-0.13	-0.289	-0.482
-0.05	-0.059	-0.037	-0.037	-0.13	-0.289	-0.482
-0.013	0.102	0.002	-0.013	-0.13	-0.289	-0.482
0.025	-0.014	-0.037	-0.013	-0.13	-0.289	-0.482
-0.038	-0.09	-0.036	-0.031	-0.13	-0.289	-0.482
-0.045	-0.085	-0.03	-0.039	-0.123	-0.283	-0.475
-0.045	-0.101	-0.031	-0.045	-0.123	-0.283	-0.475
-0.045	-0.124	-0.068	-0.045	-0.123	-0.283	-0.475
-0.045	-0.085	-0.03	-0.045	-0.123	-0.283	-0.475
-0.046	-0.087	-0.033	-0.049	-0.129	-0.289	-0.482
-0.045	-0.124	-0.069	-0.045	-0.123	-0.283	-0.475
-0.046	-0.087	-0.035	-0.05	-0.13	-0.289	-0.482
-0.045	-0.088	-0.031	-0.045	-0.123	-0.283	-0.475
-0.045	-0.091	-0.037	-0.045	-0.123	-0.283	-0.475
-0.123	-0.124	-0.069	-0.045	-0.123	-0.283	-0.475
-0.084	-0.087	-0.04	-0.045	-0.123	-0.283	-0.476
-0.084	-0.086	-0.046	-0.045	-0.127	-0.283	-0.475
-0.123	-0.124	-0.066	-0.045	-0.153	-0.296	-0.475
-0.201	-0.124	-0.069	-0.045	-0.162	-0.302	-0.475
-0.24	-0.124	-0.069	-0.045	-0.162	-0.311	-0.475
-0.318	-0.16	-0.068	-0.044	-0.162	-0.321	-0.475
-0.318	-0.16	-0.069	-0.045	-0.162	-0.311	-0.475
-0.318	-0.162	-0.069	-0.045	-0.162	-0.311	-0.475
-0.358	-0.163	-0.069	-0.045	-0.162	-0.321	-0.475
-0.318	-0.163	-0.069	-0.045	-0.162	-0.321	-0.475
-0.279	-0.157	-0.069	-0.045	-0.162	-0.32	-0.475
-0.239	-0.124	-0.068	-0.045	-0.162	-0.313	-0.475
-0.24	-0.124	-0.069	-0.045	-0.162	-0.318	-0.475
-0.201	-0.124	-0.069	-0.045	-0.162	-0.32	-0.476
-0.206	-0.124	-0.069	-0.045	-0.162	-0.322	-0.475
-0.24	-0.124	-0.069	-0.045	-0.162	-0.322	-0.475
-0.201	-0.124	-0.064	-0.045	-0.163	-0.326	-0.481
-0.141	-0.124	-0.054	-0.045	-0.162	-0.323	-0.478
-0.162	-0.124	-0.069	-0.045	-0.162	-0.322	-0.475
-0.201	-0.124	-0.069	-0.045	-0.162	-0.322	-0.475
-0.279	-0.163	-0.069	-0.045	-0.162	-0.322	-0.475
-0.24	-0.157	-0.069	-0.045	-0.162	-0.322	-0.476
-0.24	-0.163	-0.069	-0.045	-0.162	-0.322	-0.475
-0.279	-0.163	-0.069	-0.045	-0.162	-0.322	-0.475
-0.327	-0.162	-0.068	-0.044	-0.162	-0.322	-0.475
-0.436	-0.202	-0.069	-0.045	-0.162	-0.322	-0.475
-0.352	-0.201	-0.069	-0.045	-0.162	-0.322	-0.475
-0.245	-0.163	-0.069	-0.045	-0.162	-0.322	-0.475
-0.318	-0.163	-0.069	-0.045	-0.162	-0.322	-0.475
-0.396	-0.202	-0.069	-0.045	-0.162	-0.322	-0.475
-0.358	-0.202	-0.069	-0.045	-0.162	-0.322	-0.475
-0.397	-0.202	-0.069	-0.045	-0.162	-0.322	-0.475
-0.493	-0.241	-0.069	-0.045	-0.162	-0.322	-0.475
-0.594	-0.241	-0.069	-0.045	-0.162	-0.322	-0.475
-0.633	-0.28	-0.102	-0.045	-0.162	-0.322	-0.475
-0.673	-0.3	-0.108	-0.045	-0.162	-0.322	-0.475
-0.594	-0.28	-0.108	-0.045	-0.162	-0.322	-0.475
-0.594	-0.28	-0.108	-0.045	-0.172	-0.322	-0.475
-0.554	-0.28	-0.108	-0.045	-0.178	-0.322	-0.475
-0.633	-0.319	-0.108	-0.045	-0.193	-0.322	-0.475
-0.845	-0.396	-0.118	-0.045	-0.201	-0.322	-0.475
-1.302	-0.554	-0.173	-0.039	-0.198	-0.321	-0.475
-1.676	-0.752	-0.218	-0.038	-0.195	-0.318	-0.471
-1.839	-0.91	-0.342	-0.04	-0.199	-0.322	-0.475
-1.921	-0.99	-0.421	-0.039	-0.196	-0.321	-0.475
-2.044	-1.11	-0.5	-0.04	-0.199	-0.322	-0.475
-2.085	-1.15	-0.579	-0.039	-0.197	-0.321	-0.475
-1.962	-1.15	-0.615	-0.045	-0.201	-0.322	-0.475
-1.798	-1.07	-0.579	-0.047	-0.201	-0.322	-0.475
-1.639	-0.99	-0.574	-0.055	-0.201	-0.322	-0.475
-1.474	-0.91	-0.539	-0.077	-0.201	-0.322	-0.475
-1.392	-0.871	-0.5	-0.084	-0.201	-0.322	-0.475
-1.433	-0.91	-0.539	-0.084	-0.201	-0.322	-0.475
-1.632	-0.99	-0.579	-0.084	-0.201	-0.322	-0.475
-1.716	-1.07	-0.618	-0.084	-0.201	-0.322	-0.475
-1.882	-1.15	-0.658	-0.094	-0.201	-0.322	-0.475
-1.883	-1.162	-0.697	-0.123	-0.201	-0.322	-0.475
-2.005	-1.233	-0.76	-0.123	-0.201	-0.322	-0.475
-1.763	-1.15	-0.737	-0.162	-0.201	-0.322	-0.475
-1.677	-1.11	-0.737	-0.201	-0.201	-0.322	-0.475
-1.718	-1.15	-0.738	-0.201	-0.201	-0.322	-0.475
-1.921	-1.236	-0.816	-0.24	-0.201	-0.322	-0.475
-2.044	-1.35	-0.896	-0.279	-0.201	-0.322	-0.475
-1.966	-1.35	-0.936	-0.319	-0.235	-0.322	-0.475
-1.6	-1.16	-0.856	-0.358	-0.24	-0.352	-0.475
-1.272	-0.99	-0.767	-0.397	-0.24	-0.361	-0.475
-1.275	-0.99	-0.737	-0.397	-0.269	-0.361	-0.475
-1.313	-0.99	-0.748	-0.406	-0.279	-0.361	-0.504
-1.393	-1.066	-0.802	-0.437	-0.319	-0.401	-0.515
-1.595	-1.19	-0.89	-0.476	-0.358	-0.407	-0.549
-1.68	-1.27	-0.976	-0.555	-0.397	-0.44	-0.554
-1.558	-1.24	-0.976	-0.631	-0.476	-0.519	-0.593
-1.642	-1.31	-1.056	-0.708	-0.555	-0.597	-0.672
-1.88	-1.471	-1.176	-0.792	-0.673	-0.677	-0.737
-2.212	-1.716	-1.377	-0.952	-0.792	-0.783	-0.831
-2.622	-2.041	-1.661	-1.165	-0.952	-0.916	-0.91
-3.087	-2.43	-1.998	-1.434	-1.152	-1.076	-1.028
-3.821	-3.008	-2.494	-1.8	-1.434	-1.276	-1.185
-3.955	-3.342	-2.863	-2.2	-1.759	-1.52	-1.391
-3.952	-3.428	-3.036	-2.46	-2.046	-1.805	-1.633
-3.908	-3.511	-3.163	-2.672	-2.253	-2.013	-1.837
-4.648	-3.979	-3.528	-2.906	-2.477	-2.216	-2.031
-5.656	-4.724	-4.148	-3.346	-2.795	-2.472	-2.241
-6.67	-5.586	-4.896	-3.906	-3.218	-2.822	-2.49
-6.717	-5.863	-5.267	-4.393	-3.657	-3.211	-2.831
-7.07	-6.14	-5.539	-4.653	-3.982	-3.524	-3.126
-7.83	-6.749	-6.092	-5.1	-4.319	-3.827	-3.404
-7.86	-6.938	-6.372	-5.443	-4.671	-4.174	-3.694
-7.8	-7.05	-6.513	-5.699	-4.959	-4.446	-3.984
-6.41	-6.196	-5.959	-5.518	-5.017	-4.624	-4.205
-5.927	-5.769	-5.541	-5.243	-4.883	-4.579	-4.252
-5.786	-5.588	-5.403	-5.107	-4.793	-4.535	-4.252
-5.966	-5.679	-5.436	-5.065	-4.768	-4.535	-4.285
-6.248	-5.863	-5.585	-5.197	-4.838	-4.579	-4.298
-7.45	-6.68	-6.133	-5.422	-4.966	-4.662	-4.378
-9.04	-8.15	-7.45	-6.344	-5.509	-5.02	-4.599
-9.64	-8.69	-8	-6.91	-6.016	-5.456	-4.954
-10.34	-9.26	-8.55	-7.4	-6.459	-5.841	-5.313
-10.45	-9.47	-8.81	-7.74	-6.816	-6.212	-5.633
-10.39	-9.47	-8.86	-7.89	-7.05	-6.447	-5.909
-10.4	-9.47	-8.91	-8.03	-7.24	-6.646	-6.094
-10.34	-9.48	-8.96	-8.13	-7.4	-6.826	-6.28
-10.52	-9.62	-9.07	-8.23	-7.49	-6.969	-6.467
-10.21	-9.53	-9.07	-8.33	-7.64	-7.12	-6.614
-9.34	-8.96	-8.66	-8.19	-7.64	-7.22	-6.756
-9.09	-8.7	-8.41	-7.98	-7.54	-7.17	-6.756
-9.09	-8.65	-8.36	-7.89	-7.45	-7.12	-6.756
-9.04	-8.66	-8.36	-7.89	-7.45	-7.12	-6.756
-8.83	-8.51	-8.26	-7.84	-7.45	-7.12	-6.803
-8.68	-8.36	-8.11	-7.78	-7.4	-7.12	-6.803
-8.63	-8.31	-8.06	-7.74	-7.38	-7.12	-6.803
-8.65	-8.3	-8.06	-7.73	-7.37	-7.12	-6.803
-8.93	-8.5	-8.21	-7.79	-7.4	-7.12	-6.851
-9.09	-8.66	-8.36	-7.93	-7.49	-7.22	-6.898
-8.93	-8.61	-8.36	-7.94	-7.59	-7.26	-6.975
-8.68	-8.46	-8.26	-7.94	-7.59	-7.31	-7.01
-8.66	-8.41	-8.21	-7.89	-7.55	-7.31	-7.04
-8.23	-8.14	-8	-7.75	-7.5	-7.27	-7.04
-7.69	-7.72	-7.66	-7.55	-7.37	-7.22	-7
-7.7	-7.62	-7.48	-7.35	-7.21	-7.08	-6.903
-8	-7.81	-7.67	-7.4	-7.21	-7.03	-6.856
-7.64	-7.57	-7.48	-7.31	-7.16	-7.01	-6.814
-7.39	-7.38	-7.28	-7.16	-7.07	-6.934	-6.762
-7.57	-7.42	-7.28	-7.11	-6.97	-6.846	-6.71
-7.49	-7.39	-7.28	-7.11	-6.97	-6.838	-6.681
-7.2	-7.22	-7.14	-7.02	-6.922	-6.791	-6.668
-6.913	-6.992	-6.946	-6.908	-6.827	-6.743	-6.62
-6.818	-6.85	-6.803	-6.779	-6.732	-6.648	-6.56
-6.836	-6.85	-6.803	-6.732	-6.637	-6.592	-6.479
-6.817	-6.801	-6.754	-6.676	-6.587	-6.543	-6.427
-7.3	-7.14	-6.988	-6.773	-6.631	-6.5	-6.426
-8.38	-7.86	-7.51	-7.06	-6.771	-6.595	-6.431
-8.66	-8.21	-7.86	-7.4	-7.01	-6.784	-6.567
-8.94	-8.45	-8.11	-7.59	-7.2	-6.928	-6.709
-10.08	-9.31	-8.77	-8.03	-7.47	-7.14	-6.847
-9.76	-9.27	-8.87	-8.28	-7.74	-7.41	-7.07
-9.4	-9.06	-8.77	-8.33	-7.89	-7.56	-7.23
-8.68	-8.56	-8.38	-8.14	-7.84	-7.56	-7.29
-8.28	-8.21	-8.11	-7.9	-7.7	-7.51	-7.29
-8.28	-8.13	-7.99	-7.79	-7.6	-7.42	-7.24
-8.03	-7.96	-7.87	-7.7	-7.55	-7.37	-7.19
-7.88	-7.81	-7.72	-7.59	-7.45	-7.32	-7.14
-8.18	-8.01	-7.82	-7.6	-7.4	-7.27	-7.09
-8.68	-8.3	-8.06	-7.74	-7.45	-7.3	-7.13
-8.93	-8.55	-8.28	-7.89	-7.59	-7.36	-7.19
-9.29	-8.86	-8.56	-8.08	-7.74	-7.51	-7.26
-9.45	-9.01	-8.71	-8.25	-7.89	-7.6	-7.38
-9.19	-8.91	-8.66	-8.29	-7.99	-7.7	-7.46
-9.24	-8.91	-8.66	-8.28	-7.98	-7.75	-7.52
-9.14	-8.88	-8.66	-8.33	-8.03	-7.8	-7.55
-9.29	-9.01	-8.75	-8.38	-8.06	-7.85	-7.57
-9.82	-9.31	-8.96	-8.53	-8.13	-7.9	-7.65
-10.61	-9.89	-9.48	-8.84	-8.34	-8.05	-7.77
-10.33	-9.89	-9.59	-9.05	-8.59	-8.25	-7.91
-9.76	-9.51	-9.28	-8.95	-8.59	-8.3	-8.01
-9.6	-9.32	-9.12	-8.84	-8.54	-8.3	-8.01
-9.55	-9.32	-9.12	-8.79	-8.54	-8.3	-8.06
-9.34	-9.17	-8.99	-8.74	-8.49	-8.3	-8.06
-9.4	-9.17	-8.99	-8.74	-8.49	-8.26	-8.06
-9.55	-9.28	-9.07	-8.79	-8.48	-8.3	-8.06
-9.87	-9.53	-9.27	-8.89	-8.58	-8.35	-8.11
-10.08	-9.74	-9.48	-9.05	-8.69	-8.45	-8.19
-9.89	-9.68	-9.43	-9.1	-8.79	-8.55	-8.26
-9.51	-9.42	-9.28	-9.05	-8.79	-8.55	-8.32
-9.09	-9.07	-9.01	-8.84	-8.69	-8.5	-8.32
-8.77	-8.81	-8.77	-8.69	-8.54	-8.4	-8.23
-8.64	-8.61	-8.56	-8.49	-8.39	-8.3	-8.17
-9.19	-8.96	-8.78	-8.54	-8.35	-8.25	-8.07
-9.66	-9.32	-9.07	-8.74	-8.47	-8.3	-8.11
-9.82	-9.53	-9.28	-8.89	-8.59	-8.4	-8.16
-10.24	-9.8	-9.49	-9.04	-8.7	-8.48	-8.26
-10.61	-10.1	-9.79	-9.29	-8.89	-8.6	-8.36
-10.67	-10.26	-9.96	-9.46	-9.04	-8.75	-8.46
-10.4	-10.1	-9.85	-9.46	-9.1	-8.85	-8.56
-10.24	-10	-9.8	-9.46	-9.1	-8.86	-8.62
-9.54	-9.53	-9.43	-9.25	-9.05	-8.86	-8.62
-9.29	-9.24	-9.17	-9.05	-8.89	-8.76	-8.57
-9.45	-9.32	-9.17	-9	-8.79	-8.66	-8.52
-9.81	-9.58	-9.36	-9.05	-8.84	-8.65	-8.46
-10.13	-9.79	-9.54	-9.2	-8.92	-8.7	-8.51
-10.18	-9.89	-9.69	-9.35	-9.02	-8.81	-8.56
-9.92	-9.74	-9.57	-9.31	-9.05	-8.86	-8.62
-9.97	-9.74	-9.54	-9.25	-9.04	-8.86	-8.61
-10.18	-9.89	-9.64	-9.32	-9.04	-8.85	-8.66
-10.45	-10.1	-9.8	-9.46	-9.14	-8.9	-8.66
-10.67	-10.26	-9.96	-9.56	-9.2	-8.95	-8.72
-11.1	-10.58	-10.27	-9.77	-9.35	-9.06	-8.81
-11.32	-10.8	-10.46	-9.93	-9.51	-9.21	-8.92
-11.38	-10.91	-10.6	-10.09	-9.62	-9.32	-9.02
-11.08	-10.79	-10.54	-10.11	-9.72	-9.42	-9.12
-9.73	-9.86	-9.88	-9.83	-9.62	-9.42	-9.18
-8.19	-8.62	-8.82	-9.06	-9.16	-9.12	-8.98
-7.45	-7.96	-8.18	-8.5	-8.7	-8.76	-8.72
-7.3	-7.72	-7.87	-8.14	-8.34	-8.43	-8.47
-6.771	-7.33	-7.57	-7.95	-8.15	-8.21	-8.27
-4.055	-5.566	-6.28	-7.23	-7.75	-7.95	-8.03
-4.194	-5.052	-5.455	-6.193	-6.879	-7.28	-7.55
-4.839	-5.443	-5.683	-6.167	-6.637	-6.966	-7.22
-5.354	-5.777	-5.913	-6.247	-6.59	-6.838	-7.05
-6.063	-6.218	-6.239	-6.401	-6.59	-6.791	-6.952
-7.2	-7.09	-6.946	-6.827	-6.827	-6.88	-6.951
-6.866	-6.992	-6.946	-6.97	-6.97	-6.982	-7
-6.346	-6.667	-6.756	-6.874	-6.97	-6.982	-7
-5.722	-6.285	-6.457	-6.684	-6.83	-6.934	-6.952
-4.926	-5.646	-5.923	-6.346	-6.609	-6.748	-6.861
-4.928	-5.505	-5.729	-6.074	-6.354	-6.554	-6.668
-2.646	-4.709	-5.192	-5.797	-6.173	-6.371	-6.532
-0.045	-0.825	-1.465	-2.833	-4.472	-5.38	-5.986
-0.045	-0.957	-1.435	-2.383	-3.616	-4.453	-5.15
-0.084	-0.917	-1.326	-2.094	-3.146	-3.883	-4.567
-0.162	-0.957	-1.343	-2.011	-2.906	-3.58	-4.211
-0.202	-0.957	-1.303	-1.929	-2.762	-3.366	-3.934
-0.24	-0.956	-1.263	-1.847	-2.595	-3.192	-3.728
-0.593	-1.033	-1.264	-1.8	-2.508	-3.019	-3.557
-1.063	-1.851	-1.865	-2.046	-2.508	-2.934	-3.424
-0.744	-1.153	-1.463	-1.929	-2.508	-2.934	-3.349
-1.113	-1.502	-1.667	-2.011	-2.467	-2.85	-3.264
-1.137	-1.433	-1.586	-1.97	-2.466	-2.808	-3.223
-0.404	-1.127	-1.424	-1.888	-2.431	-2.772	-3.139
-0.319	-0.957	-1.223	-1.684	-2.259	-2.687	-3.054
-1.6	-1.125	-1.259	-1.637	-2.176	-2.556	-2.963
-2.832	-1.936	-1.802	-1.882	-2.217	-2.556	-2.879
-0.668	-1.277	-1.554	-1.97	-2.342	-2.606	-2.884
-0.364	-0.997	-1.263	-1.686	-2.181	-2.52	-2.844
-0.287	-0.843	-1.109	-1.528	-2.059	-2.438	-2.764
-0.247	-0.779	-1.029	-1.447	-1.977	-2.315	-2.68
-0.175	-0.709	-0.949	-1.373	-1.897	-2.236	-2.599
-0.136	-0.607	-0.87	-1.289	-1.82	-2.153	-2.516
-0.091	-0.492	-0.744	-1.165	-1.724	-2.097	-2.426
0.038	-0.374	-0.632	-1.045	-1.575	-1.985	-2.348
0.363	-0.306	-0.585	-0.999	-1.528	-1.9	-2.261
0.398	-0.296	-0.546	-0.972	-1.481	-1.837	-2.178
0.268	-0.322	-0.546	-0.958	-1.441	-1.77	-2.131
0.236	-0.32	-0.546	-0.919	-1.4	-1.73	-2.05
0.302	-0.307	-0.506	-0.897	-1.36	-1.689	-2.007
0.722	-0.239	-0.507	-0.879	-1.322	-1.655	-1.973
-0.045	-0.322	-0.507	-0.879	-1.305	-1.607	-1.925
-0.013	-0.326	-0.507	-0.839	-1.279	-1.569	-1.889
0.065	-0.287	-0.507	-0.839	-1.24	-1.573	-1.85
0.395	-0.209	-0.472	-0.806	-1.245	-1.533	-1.809
-0.008	-0.286	-0.467	-0.799	-1.199	-1.486	-1.803
1.048	-0.154	-0.435	-0.766	-1.168	-1.456	-1.749
1.151	-0.162	-0.397	-0.736	-1.125	-1.411	-1.728
1.658	-0.038	-0.384	-0.724	-1.125	-1.411	-1.687
2.213	0.047	-0.334	-0.711	-1.085	-1.371	-1.647
1.694	-0.003	-0.325	-0.682	-1.085	-1.366	-1.647
3.686	0.295	-0.276	-0.654	-1.052	-1.338	-1.614
2.215	0.182	-0.271	-0.646	-1.024	-1.29	-1.566
1.787	0.159	-0.232	-0.601	-1.003	-1.29	-1.566
3.952	0.485	-0.2	-0.589	-0.972	-1.256	-1.532
4.065	0.627	-0.16	-0.57	-0.972	-1.216	-1.491
4.887	0.852	-0.128	-0.563	-0.932	-1.216	-1.46
6.067	1.244	-0.046	-0.535	-0.932	-1.176	-1.451
5.505	1.344	-0.005	-0.513	-0.892	-1.176	-1.411
4.61	1.24	0.021	-0.489	-0.885	-1.129	-1.404
5.526	1.572	0.112	-0.455	-0.852	-1.136	-1.37
4.409	1.448	0.173	-0.45	-0.846	-1.089	-1.364
8.04	2.492	0.452	-0.418	-0.819	-1.062	-1.337
7.22	2.822	0.726	-0.417	-0.792	-1.056	-1.29
6.419	2.405	1.476	-0.377	-0.773	-1.016	-1.29
1.082	0.508	0.4	-0.289	-0.726	-1.009	-1.267
3.274	1.282	0.757	-0.254	-0.716	-0.969	-1.243
6.069	2.451	1.141	-0.221	-0.693	-0.94	-1.21
6.358	3.074	1.521	-0.215	-0.65	-0.935	-1.202
0.752	0.346	0.196	-0.169	-0.641	-0.913	-1.163
2.563	0.991	0.589	-0.175	-0.608	-0.889	-1.143
5.02	2.014	0.997	-0.172	-0.608	-0.85	-1.124
5.953	2.42	1.148	-0.136	-0.572	-0.856	-1.092
8.18	3.427	1.593	-0.143	-0.576	-0.822	-1.096
10.58	4.648	2.253	-0.111	-0.542	-0.823	-1.056
8.39	4.175	2.146	-0.065	-0.535	-0.816	-1.05
9.39	4.499	2.333	-0.026	-0.532	-0.776	-1.05
3.481	1.104	0.821	-0.013	-0.489	-0.77	-1.003
5.415	1.608	0.917	-0.02	-0.493	-0.736	-1.01
6.457	2.808	1.663	0.058	-0.45	-0.73	-0.964
3.976	1.299	0.884	0.019	-0.45	-0.69	-0.963
5.552	2.391	1.338	0.058	-0.429	-0.69	-0.924
10.13	4.381	2.329	0.187	-0.424	-0.664	-0.937
12.03	5.318	3.382	0.438	-0.419	-0.663	-0.897
8.06	4.081	2.617	0.483	-0.378	-0.657	-0.89
11.25	5.449	3.055	0.59	-0.382	-0.624	-0.865
9.68	5.152	3.208	0.786	-0.376	-0.618	-0.851
8.65	4.873	3.13	0.828	-0.332	-0.613	-0.847
6.354	3.233	2.103	0.636	-0.332	-0.572	-0.804
7.45	3.603	2.716	0.789	-0.294	-0.578	-0.811
9.71	4.263	2.765	0.857	-0.3	-0.541	-0.775
9.25	5.023	3.206	1.064	-0.3	-0.539	-0.771
9.99	5.225	3.596	1.28	-0.26	-0.537	-0.771
6.779	3.993	2.889	1.174	-0.254	-0.493	-0.748
3.681	2.237	1.683	0.72	-0.247	-0.486	-0.719
4.466	2.146	1.35	0.489	-0.253	-0.493	-0.725
3.967	1.937	1.526	0.572	-0.215	-0.457	-0.705
3.563	1.663	1.327	0.528	-0.209	-0.452	-0.686
3.45	1.851	1.454	0.528	-0.208	-0.448	-0.684
2.385	1.285	1.075	0.451	-0.208	-0.447	-0.68
3.436	1.573	1.186	0.451	-0.208	-0.451	-0.645
3.268	1.707	1.19	0.454	-0.208	-0.407	-0.64
2.953	1.548	1.037	0.413	-0.208	-0.411	-0.646
4.73	2.215	1.488	0.545	-0.185	-0.414	-0.646
4.676	2.257	1.511	0.565	-0.175	-0.414	-0.632
2.083	1.334	1.038	0.458	-0.175	-0.407	-0.616
4.364	2.089	1.294	0.413	-0.17	-0.41	-0.604
3.818	1.872	1.075	0.374	-0.175	-0.399	-0.607
3.672	2.459	1.952	0.697	-0.175	-0.375	-0.607
3.012	1.797	1.509	0.681	-0.171	-0.373	-0.606
4.504	2.378	1.823	0.745	-0.175	-0.375	-0.567
5.31	2.827	2.045	0.868	-0.175	-0.375	-0.567
5.052	2.945	2.131	0.945	-0.175	-0.375	-0.567
2.132	1.403	1.274	0.688	-0.169	-0.368	-0.561