          1        1.000   5.199000000000   0.000000000000   4.474350993377   3.450000000000   2.460000000000   0.930000000000   0.010000000000  -0.190000000000  -0.500000000000
          1        2.000   1.396000000000   0.000000000000   1.491871532861   3.229168989869   2.403092268678   0.373594140204   0.083237085184  -0.205291491261  -0.431638005321
          1        3.000   0.232000000000   0.000000000000   0.296029136342   2.588152884726   2.098267005419   0.221976066647   0.027457292709  -0.209678585100  -0.407426912199
          1        4.000   1.088000000000   0.000000000000   1.091390670521   1.965271099164   1.701912650216   0.155098411690   0.003374452882  -0.210204742296  -0.391019419058
          1        5.000   1.456000000000   0.000000000000   1.453573581006   1.630218705608   1.357167631343   0.110509580204  -0.010659668771  -0.209129351431  -0.378321470271
          1        6.000   7.012000000000   0.000000000000   6.836755816746   1.726438781073   1.144878742393   0.076553612295  -0.021788332472  -0.207435353441  -0.367833380898
          1        7.000   1.954000000000   0.000000000000   2.041085925812   2.187084357526   1.184742179081   0.055754238760  -0.029974381371  -0.205553967116  -0.358840414901
          1        8.000   3.590000000000   0.000000000000   3.546888914378   2.045129248932   1.236017210729   0.050291391161  -0.034105431618  -0.203677866285  -0.350946516363
          1        9.000   8.313000000000   0.000000000000   8.142151903600   2.297976083089   1.250501381699   0.049011965260  -0.035943594323  -0.201888797481  -0.343907550828
          1       10.000   1.380000000000   0.000000000000   1.518734594506   2.712443169904   1.418490966534   0.051433602771  -0.037047611512  -0.200212784501  -0.337560175732
          1       11.000   1.490000000000   0.000000000000   1.511591319083   2.237883876160   1.461474011153   0.058932589271  -0.037271787283  -0.198650714473  -0.331787694660
          1       12.000   5.319000000000   0.000000000000   5.207149463647   2.019295029323   1.332648639098   0.058911918812  -0.038253254570  -0.197194798995  -0.326502322032
          1       13.000   8.479000000000   0.000000000000   8.332428016534   2.504374321852   1.328735667575   0.052563324643  -0.040451562769  -0.195834690959  -0.321635471355
          1       14.000   9.763000000000   0.000000000000   9.643292581730   3.331851377827   1.565757841834   0.053554110525  -0.042022748024  -0.194559602787  -0.317132095268
          1       15.000   6.278000000000   0.000000000000   6.306633552929   3.906764318648   1.927506496859   0.068316242111  -0.041652543486  -0.193359694655  -0.312947129385
          1       16.000   6.268000000000   0.000000000000   6.243334189251   3.895974151618   2.165042726241   0.089685174001  -0.039875540084  -0.192226450254  -0.309043126219
          1       17.000   1.245000000000   0.000000000000   1.375157872299   3.589723875121   2.225520128139   0.105155487074  -0.038291350766  -0.191151738209  -0.305388608460
          1       18.000  -0.957000000000   0.000000000000  -0.925414863314   2.690514480130   2.040851212680   0.108684661514  -0.037968994768  -0.190126118898  -0.301954416444
          1       19.000  -4.793000000000   0.002000000000  -4.544870239965   1.709410953962   1.634012099488   0.095043098252  -0.039932178912  -0.189140280472  -0.298720050095
          1       20.000  -5.353000000000   0.001000000000  -5.337945707411   0.610579421961   1.072400342600   0.065681432504  -0.044354350302  -0.188184658397  -0.295666024404
          1       21.000  -3.933000000000   0.006000000000  -3.849165246707   0.140667049841   0.581034239944   0.027435822522  -0.048208232778  -0.187252317861  -0.292776554889
          1       22.000  -2.626000000000   0.045000000000  -0.832478247727  -0.092978313728   0.253339842390  -0.006135016505  -0.051389665711  -0.186340004490  -0.290032349233
          1       23.000  -3.490000000000   0.043000000000  -1.455069243882  -1.169385138927   0.109708128826  -0.008741061970  -0.053776850139  -0.185449652103  -0.287421793745
          1       24.000  -5.223000000000   0.049000000000  -1.236209845475  -0.313279401868   0.026923011046  -0.009031181569  -0.055351884724  -0.184585441108  -0.284931624273
          1       25.000  -7.195000000000   0.085000000000  -1.703185332162  -0.999411323522  -0.002478364195  -0.009274561016  -0.056677429978  -0.183752325767  -0.282551123633
          1       26.000  -3.883000000000   0.075000000000  -1.079735129278  -0.471971069243  -0.009437995401  -0.009474941916  -0.057965508896  -0.182955684732  -0.280274868397
          1       27.000  -3.408000000000   0.067000000000  -1.021710080464  -0.743920476960  -0.682738966767  -0.009690750570  -0.059229046886  -0.182196515866  -0.278092081053
          1       28.000  -3.263000000000   0.062000000000  -1.557802452905  -1.318283158428  -1.210653884636  -0.009922092462  -0.060457334258  -0.181475941133  -0.275998780921
          1       29.000  -3.835000000000   0.058000000000  -1.766109149510  -1.295643129746  -1.006936076339  -0.010168814578  -0.061646045876  -0.180792221161  -0.273988355835
          1       30.000  -5.377000000000   0.060000000000  -2.020933085154  -1.477761918933  -1.291634022520  -0.010434436263  -0.062792511780  -0.180142797011  -0.272054854101
          1       31.000  -3.596000000000   0.058000000000  -1.805336831254  -1.260798407519  -0.854455306872  -0.010713488232  -0.063891361542  -0.179526258718  -0.270196133805
          1       32.000  -4.032000000000   0.067000000000  -1.587281792206  -1.281133158376  -1.170760228570  -0.011015801033  -0.064942879957  -0.178939280366  -0.268406220391
          1       33.000  -5.927000000000   0.091000000000  -1.536580666068  -0.955697313474  -0.626648914075  -0.051776601802  -0.065956825120  -0.178379619982  -0.266681694620
          1       34.000  -8.704000000000   0.088000000000  -1.994363896344  -1.221836311829  -0.832959150304  -0.060012061076  -0.067025486879  -0.177845606780  -0.265020554801
          1       35.000 -12.026000000000   0.087000000000  -2.862605647587  -1.813509472707  -1.271201413162  -0.130392560627  -0.068131607782  -0.177334620049  -0.263418259332
          1       36.000  -6.948000000000   0.085000000000  -2.406016956707  -1.708379015299  -1.284216750001  -0.311977158259  -0.069237913588  -0.176844792177  -0.261871658293
          1       37.000  -8.410000000000   0.083000000000  -2.361007957047  -1.629124226605  -1.236405755085  -0.389874348912  -0.070326933486  -0.176374605342  -0.260377790026
          1       38.000  -8.263000000000   0.084000000000  -2.476558879081  -1.747740565676  -1.347378661277  -0.482893331996  -0.071393293854  -0.175922901456  -0.258933876053
          1       39.000  -1.286000000000   0.083000000000  -1.397632411357  -1.188614545493  -0.999005341611  -0.500639288834  -0.072454916738  -0.175488803292  -0.257537319380
          1       40.000  -2.308000000000   0.081000000000  -0.976269924650  -0.792964745900  -0.684680457671  -0.417189895433  -0.073624007825  -0.175071611156  -0.256185702613
          1       41.000  -5.600000000000   0.078000000000  -1.611713175858  -1.087733947165  -0.856057626956  -0.402938075378  -0.075265618182  -0.174670747537  -0.254876782809
          1       42.000  -1.143000000000   0.078000000000  -1.110566825677  -0.949395127163  -0.807099720828  -0.444900849300  -0.078025800262  -0.174285877287  -0.253608482752
          1       43.000  -4.322000000000   0.092000000000  -1.191350604858  -0.867951307455  -0.722187630835  -0.416331024550  -0.082701810283  -0.173917478108  -0.252378882568
          1       44.000  -5.073000000000   0.090000000000  -1.524769088099  -1.101609170782  -0.889446602096  -0.447583657466  -0.090059995680  -0.173568196156  -0.251186223012
          1       45.000  -2.200000000000   0.089000000000  -1.212278153883  -0.989261377417  -0.838896880612  -0.481666629711  -0.100346797999  -0.173245165332  -0.250028943010
          1       46.000  -4.122000000000   0.085000000000  -1.273229932811  -0.953605577753  -0.798984843296  -0.471258981751  -0.113747746224  -0.172963235789  -0.248905784271
          1       47.000   2.257000000000   0.085000000000  -0.544081278416  -0.641706851570  -0.604265776510  -0.456453694752  -0.129817959339  -0.172748827794  -0.247815999044
          1       48.000   1.658000000000   0.079000000000  -0.167805906452  -0.341813578985  -0.368706859149  -0.383018854938  -0.146692719025  -0.172644496300  -0.246759691209
          1       49.000   1.600000000000   0.067000000000  -0.053898368241  -0.235497679633  -0.274501673066  -0.328558653233  -0.160998521463  -0.172713755718  -0.245738109608
          1       50.000   4.571000000000   0.061000000000   0.276703284321  -0.184047000450  -0.225349619971  -0.291827524672  -0.171142939887  -0.173033851221  -0.244754420653
          1       51.000   2.515000000000   0.030000000000   0.947985076122  -0.154421874887  -0.195341669433  -0.265704636234  -0.177695793946  -0.173697669915  -0.243815212072
          1       52.000   1.322000000000   0.017000000000   0.739824927089  -0.134798798246  -0.174806879040  -0.246183688242  -0.181846729072  -0.174769126244  -0.242930346250
          1       53.000   2.443000000000   0.017000000000   1.554995488723  -0.120845092011  -0.159686020785  -0.230925518232  -0.184475296917  -0.176248879626  -0.242112101487
          1       54.000  -0.720000000000   0.018000000000  -0.019211041227  -0.110810796504  -0.148330801952  -0.218636978073  -0.186123030968  -0.178080819194  -0.241374409829
          1       55.000  -2.492000000000   0.016000000000  -0.419198498345  -0.103358924563  -0.139498423411  -0.208495801393  -0.187128463580  -0.180172174635  -0.240728999559
          1       56.000  -5.042000000000   0.016000000000  -2.960306803505  -1.780801841312  -1.233834875486  -0.265747540511  -0.187680471971  -0.182430301064  -0.240193021742
          1       57.000  -6.496000000000   0.017000000000  -4.260544364115  -2.916195834709  -2.205795609818  -0.782426554564  -0.188922953932  -0.184752411796  -0.239769861655
          1       58.000  -9.223000000000   0.022000000000  -5.399557857938  -3.902203787872  -3.098422387339  -1.479003539846  -0.222349301172  -0.187066237141  -0.239460211901
          1       59.000  -1.235000000000   0.022000000000  -2.094326587148  -2.132181792146  -1.980929839158  -1.445428946627  -0.436301879004  -0.189435385852  -0.239260230136
          1       60.000  -3.086000000000   0.022000000000  -2.049928814597  -1.664894248030  -1.480323479877  -1.096889381293  -0.528492648476  -0.193647797820  -0.239164488317
          1       61.000  -3.230000000000   0.021000000000  -2.236238127497  -1.818196968920  -1.592384054830  -1.114576175047  -0.561235986824  -0.205936307506  -0.239195681020
          1       62.000  -4.648000000000   0.020000000000  -2.927950072963  -2.259245330438  -1.921285276645  -1.249646543849  -0.613700154677  -0.228982253931  -0.239519945888
          1       63.000  -9.459000000000   0.072000000000  -3.679564054537  -2.861672746419  -2.430025844330  -1.559664621740  -0.728337366118  -0.260609172877  -0.240559234184
          1       64.000 -14.917000000000   0.066000000000  -5.361269324159  -4.060674544778  -3.394436661672  -2.112291850301  -0.953191118613  -0.306823207960  -0.242957489714
          1       65.000 -13.159000000000   0.063000000000  -5.847886963851  -4.724060891071  -4.085999543114  -2.768140392911  -1.377588348813  -0.402610096304  -0.247784923629
          1       66.000 -14.352000000000   0.060000000000  -6.335337995962  -5.163027450549  -4.514084803419  -3.194466239591  -1.781727137243  -0.609479927628  -0.258862781982
          1       67.000 -11.932000000000   0.058000000000  -6.769440193495  -5.687953429143  -5.054740810849  -3.722702494051  -2.234937032977  -0.907296100577  -0.293757921062
          1       68.000  -0.971000000000   0.056000000000  -3.427426582690  -3.605112618871  -3.543309673058  -3.168199109506  -2.313628090664  -1.196016937241  -0.397248569777
          1       69.000 -10.955000000000   0.056000000000  -5.006405128465  -4.032645016858  -3.590790260273  -2.806396263494  -2.052326706637  -1.255477231075  -0.549248463869
          1       70.000 -21.000000000000   0.079000000000  -7.950271817532  -6.257239414423  -5.409115163683  -3.853931067813  -2.457299287906  -1.388637465491  -0.672355755993
          1       71.000 -20.670000000000   0.075000000000  -9.512859203685  -7.892398331551  -6.991704319772  -5.206166995229  -3.387359577400  -1.854661830434  -0.863558238421
          1       72.000 -14.618000000000   0.072000000000  -8.709756756134  -7.702212107198  -7.071799501041  -5.690737281375  -4.060332848892  -2.454652903605  -1.233889127221
          1       73.000  -1.222000000000   0.071000000000  -5.018607483689  -5.228866072378  -5.181461431294  -4.804230877436  -3.934117724715  -2.741003973313  -1.625660197502
          1       74.000  -3.417000000000   0.071000000000  -3.675721405223  -3.702644293188  -3.691743523131  -3.591239897618  -3.230913100206  -2.561498793917  -1.786707745517
          1       75.000  -9.376000000000   0.070000000000  -4.748220869308  -4.180306626907  -3.913641638975  -3.426094933629  -2.927177822027  -2.370692521478  -1.789791641442
          1       76.000 -15.454000000000   0.073000000000  -6.841043215920  -5.714275341356  -5.151438075661  -4.118919603786  -3.183010996463  -2.421071645808  -1.823382973391
          1       77.000  -6.352000000000   0.074000000000  -5.662924982841  -5.356510766839  -5.101386895433  -4.455078826181  -3.591316003295  -2.701618023674  -1.987038031951
          1       78.000  -7.055000000000   0.078000000000  -5.010659335396  -4.691589201391  -4.499281643455  -4.065501112476  -3.480646504727  -2.789895805841  -2.141853394438
          1       79.000 -12.048000000000   0.130000000000  -5.250489708825  -4.784696280764  -4.532658601761  -4.017613826954  -3.424929356874  -2.794441146509  -2.214302398989
          1       80.000 -13.388000000000   0.135000000000  -5.716537009075  -5.142292459106  -4.829473502216  -4.200517680474  -3.520812382153  -2.857243269385  -2.284385974409
          1       81.000 -12.790000000000   0.141000000000  -5.922862536684  -5.368073101191  -5.054310910706  -4.406845434596  -3.686911287547  -2.982103584631  -2.386924022970
          1       82.000 -23.760000000000   0.149000000000  -7.384761248734  -6.347513677859  -5.826378977080  -4.862327094718  -3.946303740055  -3.150278815476  -2.517095371353
          1       83.000 -26.039000000000   0.148000000000  -9.036883337241  -7.800925466419  -7.136857094925  -5.858898401020  -4.603950728401  -3.539237513800  -2.753218834627
          1       84.000 -19.946000000000   0.146000000000  -9.226446348279  -8.277889253308  -7.717935178347  -6.551938563054  -5.270243377649  -4.069823919875  -3.133962349157
          1       85.000 -30.558000000000   0.156000000000  -9.769975739599  -8.715354468673  -8.130382012105  -6.959015744292  -5.700092400295  -4.498311971398  -3.518586443164
          1       86.000 -26.635000000000   0.152000000000 -10.286877284790  -9.268580694725  -8.682760063449  -7.485428713399  -6.178368048620  -4.922433052131  -3.891778499115
          1       87.000 -19.565000000000   0.148000000000 -10.123848459188  -9.280587214263  -8.778822742510  -7.721655121401  -6.511880572173  -5.291873561029  -4.250920161904
          1       88.000 -23.600000000000   0.148000000000 -10.445261211449  -9.495920679118  -8.966826942811  -7.901201794693  -6.728336230793  -5.555244616214  -4.539967646998
          1       89.000 -28.510000000000   0.147000000000 -11.586840308076 -10.390908837698  -9.738829313385  -8.465377079827  -7.137917372818  -5.879861223238  -4.828853700348
          1       90.000 -28.708000000000   0.145000000000 -12.512512107953 -11.283312676566 -10.591156323330  -9.209974743056  -7.743881820633  -6.354474275186  -5.210345354392
          1       91.000 -23.487000000000   0.144000000000 -12.413140715436 -11.446610427463 -10.865207823385  -9.637165594688  -8.236213039043  -6.831744216398  -5.636884118169
          1       92.000 -18.483000000000   0.143000000000 -11.587082439867 -10.919753046786 -10.494450759247  -9.544933845679  -8.372306562953  -7.106685728860  -5.966711298924
          1       93.000 -19.696000000000   0.153000000000 -11.081341195650 -10.480273234227 -10.107896536080  -9.289713845850  -8.281829611593  -7.171261381610  -6.137148637086
          1       94.000 -17.391000000000   0.168000000000 -10.505490502029 -10.017779003563  -9.710375725237  -9.020947902297  -8.145599843962  -7.155515284578  -6.213705630746
          1       95.000  -6.408000000000   0.169000000000  -9.211532003380  -9.080815724980  -8.940186499007  -8.528628274331  -7.876232359045  -7.047787260346  -6.214089918501
          1       96.000  -7.188000000000   0.171000000000  -7.947317508965  -7.934496902513  -7.889902637582  -7.709578631218  -7.326267900902  -6.738271015849  -6.074450415093
          1       97.000  -8.513000000000   0.164000000000  -7.447373542271  -7.374802390187  -7.315515406586  -7.144954589970  -6.837533326113  -6.376440933935  -5.842292029502
          1       98.000  -7.775000000000   0.163000000000  -7.101347702182  -7.019223696995  -6.954926839551  -6.781198472632  -6.493992107138  -6.086120077144  -5.623003486816
          1       99.000  -7.008000000000   0.172000000000  -6.716271930443  -6.655660605024  -6.603859876095  -6.457436985841  -6.206117938868  -5.844499410768  -5.432600619990
          1      100.000   1.443000000000   0.170000000000  -5.725717699139  -5.920050181938  -5.978641351136  -6.007323415408  -5.881210708059  -5.602506399943  -5.249443063654
          1      101.000   2.445000000000   0.169000000000  -4.574456419731  -4.906179844613  -5.054454382557  -5.280119295355  -5.359783117589  -5.247927823482  -5.006741529445
          1      102.000  -4.083000000000   0.128000000000  -4.398885186948  -4.526463324176  -4.606999048307  -4.766373208694  -4.874532321658  -4.852941951462  -4.707936149772
          1      103.000 -10.345000000000   0.108000000000  -5.322260395845  -5.071943884432  -4.970163545878  -4.817835187560  -4.712471093299  -4.607670812854  -4.464095225359
          1      104.000 -26.321000000000   0.113000000000  -7.972697894962  -6.923525563063  -6.440254093457  -5.641406722888  -5.044139744878  -4.654959000640  -4.387229052733
          1      105.000 -27.671000000000   0.118000000000 -10.270256362098  -9.019854668418  -8.360021793817  -7.133832904606  -6.020252816613  -5.176525648727  -4.620722787779
          1      106.000 -35.671000000000   0.119000000000 -12.496020674792 -10.923971038103 -10.097389650921  -8.560951454745  -7.119111644887  -5.945960665068  -5.119520529208
          1      107.000 -37.239000000000   0.120000000000 -14.455708586780 -12.790563332235 -11.877258578410 -10.121391823609  -8.387409972631  -6.899206782315  -5.805668209787
          1      108.000 -34.826000000000   0.121000000000 -15.413846689491 -13.903304027125 -13.041653741527 -11.322528443099  -9.522397565080  -7.874242464509  -6.591742926252
          1      109.000 -32.600000000000   0.122000000000 -15.749509975453 -14.415581972334 -13.640090148735 -12.058844272812 -10.335921880029  -8.677653106883  -7.320554788279
          1      110.000 -21.492000000000   0.122000000000 -14.648354066621 -13.870549810972 -13.353845268135 -12.182744602116 -10.743445140995  -9.224643967499  -7.898485465635
          1      111.000 -17.650000000000   0.125000000000 -13.201013651794 -12.722854742972 -12.394120263783 -11.610902351382 -10.559694820992  -9.341393185879  -8.187992974000
          1      112.000 -18.509000000000   0.136000000000 -12.557444240083 -12.073031965713 -11.772018024469 -11.098352842832 -10.230121775135  -9.220143208622  -8.235925247556
          1      113.000 -29.883000000000   0.138000000000 -13.769761225833 -12.757740925770 -12.228527318776 -11.229184377589 -10.196871038599  -9.170133618916  -8.240460658910
          1      114.000 -33.542000000000   0.139000000000 -15.459441154464 -14.178352847839 -13.478789286338 -12.132769759525 -10.766877981709  -9.500746275316  -8.448836244645
          1      115.000 -21.258000000000   0.139000000000 -14.907546863004 -14.167909917623 -13.682157996199 -12.599716134216 -11.308087183142  -9.980823780676  -8.833673704571
          1      116.000 -21.400000000000   0.139000000000 -14.067622532690 -13.463773463176 -13.090572834209 -12.268974893482 -11.249566229576 -10.118679985209  -9.064772779489
          1      117.000 -22.904000000000   0.144000000000 -14.031143099109 -13.357160493183 -12.962717403313 -12.135979346905 -11.165609591611 -10.119405875769  -9.145029796265
          1      118.000 -21.262000000000   0.156000000000 -13.721391025747 -13.180132040392 -12.838638345802 -12.084307421469 -11.160703156685 -10.152213102016  -9.213611523614
          1      119.000 -29.042000000000   0.157000000000 -13.939875483368 -13.217735347969 -12.816494198968 -12.009866284521 -11.102120792036 -10.142921263364  -9.251874339067
          1      120.000 -34.017000000000   0.158000000000 -14.969198287230 -14.001689475424 -13.470253018921 -12.433325208559 -11.342916474462 -10.278521844435  -9.348013541052
          1      121.000 -36.175000000000   0.157000000000 -15.969658589149 -14.881285653190 -14.273210753765 -13.075847578634 -11.816529200369 -10.609144207409  -9.584635846267
          1      122.000 -29.833000000000   0.156000000000 -16.159956796694 -15.244692933278 -14.697959886717 -13.559342587604 -12.282799871506 -11.007596748379  -9.909226007873
          1      123.000 -13.863000000000   0.156000000000 -14.670900707762 -14.322776350126 -14.042009527153 -13.325851814637 -12.340883726641 -11.212596682930 -10.160343846150
          1      124.000 -13.504000000000   0.155000000000 -13.019677981685 -12.895085509305 -12.774635859408 -12.415402807429 -11.811911174245 -10.995600013109 -10.137854110200
          1      125.000 -14.213000000000   0.155000000000 -12.276402367988 -12.129055736222 -12.017686607690 -11.721970288730 -11.253538151405 -10.615077513157  -9.919583867371
          1      126.000  -9.758000000000   0.154000000000 -11.479206222667 -11.440597787313 -11.379653932453 -11.173077801662 -10.798390612211 -10.264121347367  -9.670432115939
          1      127.000 -20.054000000000   0.154000000000 -11.528151086859 -11.228438812716 -11.073925069187 -10.767545309104 -10.391266738272  -9.921082202074  -9.407903293942
          1      128.000 -18.167000000000   0.153000000000 -11.951179644011 -11.562078587632 -11.336642023619 -10.872523285554 -10.345223361829  -9.784075859408  -9.246457475375
          1      129.000 -20.062000000000   0.153000000000 -12.088450451595 -11.661356916343 -11.418362497384 -10.920982837041 -10.354720441285  -9.754183214495  -9.189854949203
          1      130.000 -17.983000000000   0.153000000000 -12.098898607571 -11.708248263988 -11.473546003630 -10.974246998543 -10.387088101775  -9.759743599163  -9.175446106832
          1      131.000 -23.950000000000   0.153000000000 -12.451141820831 -11.910558805015 -11.616781240702 -11.038989107400 -10.410884645268  -9.765988028770  -9.173599077711
          1      132.000 -21.183000000000   0.154000000000 -12.784979572890 -12.250318384898 -11.938400384063 -11.297036194768 -10.583783178376  -9.864745016044  -9.226514811316
          1      133.000 -26.229000000000   0.157000000000 -13.187503863671 -12.542608852506 -12.187770827194 -11.487523622898 -10.734048340248  -9.981797605516  -9.315019422590
          1      134.000 -32.208000000000   0.156000000000 -14.244506090033 -13.363860912869 -12.889289874251 -11.981125976385 -11.057372760130 -10.189312256802  -9.455315406431
          1      135.000 -26.408000000000   0.157000000000 -14.708233334260 -13.930923395581 -13.474401417852 -12.539707397483 -11.521523427468 -10.535152495833  -9.704495629910
          1      136.000 -27.200000000000   0.162000000000 -14.718900790592 -14.005627146252 -13.591034479636 -12.737170314124 -11.777576489938 -10.803965154355  -9.950977302099
          1      137.000 -27.567000000000   0.164000000000 -14.929665476551 -14.206834338600 -13.788731299752 -12.932353379092 -11.975316671720 -11.003496870267 -10.145733050162
          1      138.000 -34.725000000000   0.169000000000 -15.712589446857 -14.782289433072 -14.272977328406 -13.280780568176 -12.236247125331 -11.217571113519 -10.335510793036
          1      139.000 -32.163000000000   0.168000000000 -16.412409107988 -15.475993352203 -14.937756793379 -13.854541914812 -12.689525636530 -11.559844149054 -10.601155524026
          1      140.000 -28.625000000000   0.167000000000 -16.383014498017 -15.596757151012 -15.126651304648 -14.142554885179 -13.024305081561 -11.887906973887 -10.895548410785
          1      141.000 -38.363000000000   0.167000000000 -17.071585721839 -16.057214943577 -15.501443700067 -14.416471604488 -13.263933269698 -12.125963747519 -11.132812477736
          1      142.000 -38.312000000000   0.167000000000 -18.127730739347 -17.002325580344 -16.366283967998 -15.107610000880 -13.779418005886 -12.506510796355 -11.432207939079
          1      143.000 -27.231000000000   0.166000000000 -17.813300608866 -17.029152750194 -16.534438573867 -15.462015851410 -14.207921998908 -12.919639324530 -11.795512490250
          1      144.000 -17.208000000000   0.177000000000 -16.279078806647 -15.946638774286 -15.687199421128 -15.028257017843 -14.109825659139 -13.032380730458 -12.005496015978
          1      145.000 -16.062000000000   0.188000000000 -14.911122393872 -14.745592406856 -14.605497245373 -14.216762626786 -13.601875565645 -12.792828397964 -11.949853341179
          1      146.000  -2.192000000000   0.186000000000 -13.024265760636 -13.275773095960 -13.333107083612 -13.279244378197 -12.955250867749 -12.385088609913 -11.719182314588
          1      147.000 -15.904000000000   0.184000000000 -12.228122000134 -12.237097116454 -12.246365671436 -12.234240329057 -12.097764662861 -11.770048335542 -11.310611967677
          1      148.000 -19.383000000000   0.183000000000 -12.859893448425 -12.567683768006 -12.413070156145 -12.113091876804 -11.774148737100 -11.378503669518 -10.950200329568
          1      149.000 -15.413000000000   0.183000000000 -12.856068574883 -12.620472656076 -12.469515913780 -12.133373470130 -11.716147935434 -11.244463013235 -10.777308709310
          1      150.000  -8.113000000000   0.183000000000 -11.932632423873 -11.959011740734 -11.930020065432 -11.786434187243 -11.497833346598 -11.088533200787 -10.644912765370
          1      151.000  -7.650000000000   0.183000000000 -10.949249057155 -11.078018872872 -11.121666406846 -11.140164249153 -11.026170224364 -10.762672020851 -10.415460735833
          1      152.000  -6.238000000000   0.183000000000 -10.254818304824 -10.419769319825 -10.487955212830 -10.567052397982 -10.537670985392 -10.371594310231 -10.111580750945
          1      153.000  -7.954000000000   0.182000000000  -9.836529172094  -9.953671957812 -10.009209050313 -10.088442452727 -10.094120675703  -9.988303220198  -9.792554386215
          1      154.000  -8.825000000000   0.181000000000  -9.683843473485  -9.737861912873  -9.762320856152  -9.791920835478  -9.771539893721  -9.671564369959  -9.503214734024
          1      155.000  -9.759000000000   0.181000000000  -9.617284045625  -9.619336873454  -9.617270625744  -9.600484534007  -9.545189003600  -9.430590511725  -9.266579801647
          1      156.000 -12.217000000000   0.181000000000  -9.749725812286  -9.656581877142  -9.609060698172  -9.516205212945  -9.403213419273  -9.255844307053  -9.080896819279
          1      157.000  -6.133000000000   0.180000000000  -9.403585037035  -9.452245592612  -9.454326736320  -9.414324580624  -9.306151699803  -9.139713709684  -8.947655052877
          1      158.000  -5.810000000000   0.181000000000  -8.770324320995  -8.903145711350  -8.960182874952  -9.034174926288  -9.033589761113  -8.941219625699  -8.787746745726
          1      159.000 -17.043000000000   0.184000000000  -9.313539906802  -9.108248973552  -9.027471349887  -8.912719230955  -8.824908822828  -8.724068417037  -8.592608368145
          1      160.000 -11.492000000000   0.183000000000  -9.756051604077  -9.560522214178  -9.443284794759  -9.203401484885  -8.951724779549  -8.716502658779  -8.511147010995
          1      161.000  -5.833000000000   0.183000000000  -9.097670123801  -9.141347128773  -9.135720838699  -9.070015241586  -8.919672986131  -8.708000193778  -8.486306908997
          1      162.000 -12.250000000000   0.186000000000  -8.964820695347  -8.891466488494  -8.859144050868  -8.796527824236  -8.703633660626  -8.559223822409  -8.381490115767
          1      163.000 -20.521000000000   0.234000000000  -9.670303285096  -9.364125538864  -9.214940686423  -8.951979492729  -8.710576521010  -8.489967666545  -8.288622334834
          1      164.000 -25.117000000000   0.246000000000 -10.663425850362 -10.149093737847  -9.885834299757  -9.407605714610  -8.968555928262  -8.601064133400  -8.312575273257
          1      165.000 -21.596000000000   0.242000000000 -11.297914009129 -10.779213904963 -10.490347313281  -9.925917696941  -9.357331288282  -8.853272101540  -8.458678824065
          1      166.000 -22.146000000000   0.241000000000 -11.511032542796 -11.034290359732 -10.764879690439 -10.224463979602  -9.647253360913  -9.097900848240  -8.643846597848
          1      167.000 -22.292000000000   0.238000000000 -11.750713269010 -11.273320268502 -11.002650320153 -10.457325217942  -9.867619562848  -9.294392749588  -8.809159082603
          1      168.000 -32.100000000000   0.255000000000 -12.402138682838 -11.769261382246 -11.428523812835 -10.774956009152 -10.109450953236  -9.486880617656  -8.967191610416
          1      169.000 -42.029000000000   0.253000000000 -13.401888445214 -12.588555927911 -12.154403468573 -11.331813402745 -10.514655305547  -9.775772088355  -9.179552352061
          1      170.000 -44.117000000000   0.251000000000 -14.672115953255 -13.686003458298 -13.150028593567 -12.126449032208 -11.110229047185 -10.205087182984  -9.492260541531
          1      171.000 -42.854000000000   0.250000000000 -15.615002885258 -14.600614738783 -14.033470042754 -12.922659169976 -11.781218597292 -10.736393473571  -9.903639955470
          1      172.000 -36.696000000000   0.249000000000 -16.377906517705 -15.364692796915 -14.785809974992 -13.631626057595 -12.416367611050 -11.277239137076 -10.352345521936
          1      173.000 -34.988000000000   0.252000000000 -16.389300624077 -15.558643198299 -15.064334825536 -14.036454703006 -12.886246727032 -11.745771523343 -10.780950375214
          1      174.000 -39.025000000000   0.254000000000 -16.409793215449 -15.614911273389 -15.153186555737 -14.203861169952 -13.137131683179 -12.053922642212 -11.108398323397
          1      175.000 -39.983000000000   0.253000000000 -16.790025458419 -15.944214758129 -15.458835894502 -14.475890390221 -13.395136375698 -12.313975966667 -11.373211143773
          1      176.000 -40.000000000000   0.251000000000 -17.161906203825 -16.302555528504 -15.807269169442 -14.802298408793 -13.697522683790 -12.595212178177 -11.638552677214
          1      177.000 -32.792000000000   0.251000000000 -17.231519855036 -16.466952846222 -16.010064575938 -15.055679792995 -13.972970383062 -12.870203233148 -11.902805197614
          1      178.000 -25.650000000000   0.250000000000 -16.725211065688 -16.161694190791 -15.805333903014 -15.020894284675 -14.069099068132 -13.044684093632 -12.111889852071
          1      179.000 -17.119000000000   0.249000000000 -15.764654766252 -15.452119145945 -15.225415025453 -14.672245205189 -13.921591863338 -13.044424879170 -12.200378028769
          1      180.000 -16.571000000000   0.248000000000 -14.738158165787 -14.566467635162 -14.432252937277 -14.077626753269 -13.540280857821 -12.849591493399 -12.136745166390
          1      181.000 -15.109000000000   0.248000000000 -14.057724355227 -13.927959055009 -13.825469982089 -13.551880238765 -13.128167657489 -12.566728416878 -11.967503180185
          1      182.000 -19.392000000000   0.248000000000 -13.754037700260 -13.556879618692 -13.435297976285 -13.157509603208 -12.774897136151 -12.287379460384 -11.767167249073
          1      183.000 -16.995000000000   0.247000000000 -13.647396291896 -13.429125257379 -13.290233692476 -12.977089190980 -12.571878352769 -12.090577117611 -11.599549626282
          1      184.000  -8.733000000000   0.247000000000 -12.939988787873 -12.907506388439 -12.851436713598 -12.664844397462 -12.345691278446 -11.916930340580 -11.460797608284
          1      185.000  -9.713000000000   0.247000000000 -12.057682616419 -12.123768998787 -12.135257328620 -12.095127039284 -11.929348237963 -11.628005580442 -11.258589547595
          1      186.000 -12.446000000000   0.247000000000 -11.722146113879 -11.721637699021 -11.711847666005 -11.661171496316 -11.530447192093 -11.297384944218 -10.999865859842
          1      187.000 -21.175000000000   0.254000000000 -11.950732667714 -11.777147092662 -11.687273448685 -11.512279238402 -11.306545064075 -11.054444734203 -10.774045902335
          1      188.000 -28.900000000000   0.259000000000 -12.655938154056 -12.262814498242 -12.061524525911 -11.691766491242 -11.327818866290 -10.976305557306 -10.651536054437
          1      189.000 -34.150000000000   0.261000000000 -13.640322254951 -13.046931118536 -12.734617927986 -12.153805268764 -11.591891558382 -11.087832613513 -10.669103958236
          1      190.000 -32.096000000000   0.260000000000 -14.458979415722 -13.795641393158 -13.429334665926 -12.720336018501 -12.003586273422 -11.350832972980 -10.820511227473
          1      191.000 -28.767000000000   0.259000000000 -14.776702942375 -14.174637860882 -13.827522533143 -13.126080241798 -12.371171997494 -11.645077892969 -11.037128243215
          1      192.000 -30.735000000000   0.258000000000 -14.912811021717 -14.342731133980 -14.014568527991 -13.346257622389 -12.608374016192 -11.872232545478 -11.235114094776
          1      193.000 -37.065000000000   0.260000000000 -15.371406269301 -14.706352103694 -14.336731761471 -13.606990277284 -12.828132761912 -12.064589644984 -11.405109645872
          1      194.000 -37.471000000000   0.260000000000 -16.066597799157 -15.306069504164 -14.880476623087 -14.042269191073 -13.161250512113 -12.317832623322 -11.605003848357
          1      195.000 -32.208000000000   0.259000000000 -16.402230066181 -15.693091550977 -15.280094120689 -14.438828242178 -13.519950472888 -12.618855476800 -11.851205727289
          1      196.000 -25.171000000000   0.260000000000 -16.157862141316 -15.617220794970 -15.283482075497 -14.566041804511 -13.725260871132 -12.850698778074 -12.075766574579
          1      197.000 -15.092000000000   0.259000000000 -15.360900518414 -15.066201960746 -14.856205324895 -14.352068686168 -13.683581944647 -12.920379042742 -12.200377061652
          1      198.000 -14.621000000000   0.260000000000 -14.351024676864 -14.229865201161 -14.125011479424 -13.833357293740 -13.376525535103 -12.784409262830 -12.174954293063
          1      199.000 -13.925000000000   0.259000000000 -13.685468590446 -13.604759638683 -13.533358853901 -13.328934870191 -12.991864817183 -12.529425121924 -12.027633851850
          1      200.000 -13.292000000000   0.259000000000 -13.188196998869 -13.126910998928 -13.071669053134 -12.911171052386 -12.640558960646 -12.259907223820 -11.835971048532
          1      201.000 -18.804000000000   0.263000000000 -12.973624903952 -12.849982723939 -12.774079510896 -12.598068038667 -12.345819185832 -12.010074600226 -11.638621270053
          1      202.000 -15.625000000000   0.263000000000 -12.979881951382 -12.812359661108 -12.708337442605 -12.478290358957 -12.185502160928 -11.837841485096 -11.478597197903
          1      203.000 -14.307000000000   0.262000000000 -12.720244907178 -12.599507145626 -12.516909803102 -12.319064204260 -12.045784088810 -11.708708429567 -11.358866799173
          1      204.000 -16.525000000000   0.268000000000 -12.519158557258 -12.392055589094 -12.311937158161 -12.127870167476 -11.877658057385 -11.565811327634 -11.237457709286
          1      205.000 -14.671000000000   0.268000000000 -12.421975369244 -12.286038432597 -12.199488082263 -12.003365971267 -11.746938015100 -11.439144570933 -11.121943312509
          1      206.000 -15.508000000000   0.267000000000 -12.255898690776 -12.128925791919 -12.048521918162 -11.865131204021 -11.621359148232 -11.325050206990 -11.018440370554
          1      207.000 -11.521000000000   0.266000000000 -12.036270811522 -11.947936953455 -11.883238263012 -11.722710606364 -11.495495880953 -11.212564682926 -10.917730789183
          1      208.000 -10.921000000000   0.266000000000 -11.636960393543 -11.610495374400 -11.579985042607 -11.483305233399 -11.312906722598 -11.071868976805 -10.803995047228
          1      209.000 -11.746000000000   0.266000000000 -11.351567432926 -11.329255103872 -11.306342775753 -11.233744157810 -11.099399903571 -10.897959800479 -10.663288070323
          1      210.000  -7.246000000000   0.265000000000 -11.037076986516 -11.058154974203 -11.053508794562 -11.009816430545 -10.901350469216 -10.725886020627 -10.515771428603
          1      211.000  -9.296000000000   0.265000000000 -10.623751457688 -10.679775977049 -10.699632822493 -10.709359399843 -10.657118735875 -10.529664111031 -10.354616145620
          1      212.000 -15.217000000000   0.264000000000 -10.624361942382 -10.581088268741 -10.560675210863 -10.518047913253 -10.448916427595 -10.333760088571 -10.182218572191
          1      213.000 -21.108000000000   0.264000000000 -11.089462627494 -10.876561216427 -10.772018479158 -10.586208153694 -10.408279328802 -10.232250489138 -10.058588316157
          1      214.000 -19.763000000000   0.264000000000 -11.611027491299 -11.311153234432 -11.149919759129 -10.843949017515 -10.541807355593 -10.265841390723 -10.030517992258
          1      215.000 -17.163000000000   0.265000000000 -11.757972038212 -11.494387834900 -11.341629436687 -11.030061920595 -10.690604654559 -10.358381217975 -10.071181698485
          1      216.000 -19.927000000000   0.265000000000 -11.802043686103 -11.543487690065 -11.396678778901 -11.097555255375 -10.763097816562 -10.420954107089 -10.114125028275
          1      217.000 -24.163000000000   0.266000000000 -12.130734070548 -11.785140344571 -11.597873968760 -11.233940515083 -10.852026145999 -10.478961925473 -10.151729588630
          1      218.000 -21.900000000000   0.266000000000 -12.503318301921 -12.119670478550 -11.904040026920 -11.476153983232 -11.024432966948 -10.591575546443 -10.223022786318
          1      219.000 -21.883000000000   0.266000000000 -12.627566665654 -12.268929042753 -12.062696845939 -11.642358729134 -11.179373525596 -10.719101525224 -10.319798386446
          1      220.000 -21.925000000000   0.266000000000 -12.728655643120 -12.375983937022 -12.172637291176 -11.756122712296 -11.291689843596 -10.822079482809 -10.408257673889
          1      221.000 -26.675000000000   0.271000000000 -12.976432568405 -12.566303732425 -12.338904237554 -11.887511035910 -11.399980589388 -10.914642238243 -10.488170688518
          1      222.000 -26.642000000000   0.271000000000 -13.410167103574 -12.933300423533 -12.667120239312 -12.141087022629 -11.584792456028 -11.047760889571 -10.588349976926
          1      223.000 -24.988000000000   0.272000000000 -13.650898713475 -13.187550106750 -12.921350153410 -12.381890482696 -11.794239463773 -11.216884153716 -10.721430000086
          1      224.000 -26.867000000000   0.276000000000 -13.804837476686 -13.344378656146 -13.081159165721 -12.546885666620 -11.957887354564 -11.368491898259 -10.854707954246
          1      225.000 -18.858000000000   0.275000000000 -13.779948069994 -13.399835615418 -13.166962950558 -12.669979679564 -12.094493656620 -11.501674328913 -10.977135380056
          1      226.000 -15.204000000000   0.275000000000 -13.248824036900 -13.031261536523 -12.882372638741 -12.531710541106 -12.071598315258 -11.547885587976 -11.053412569420
          1      227.000 -14.833000000000   0.276000000000 -12.733823763649 -12.594078042212 -12.494646928782 -12.248790665777 -11.899805132380 -11.470413630732 -11.038506765025
          1      228.000  -5.671000000000   0.276000000000 -12.104207450169 -12.095763845609 -12.059050124866 -11.922087677585 -11.671952889102 -11.326524705312 -10.957252601395
          1      229.000  -0.579000000000   0.275000000000 -11.036629699034 -11.227709388256 -11.297487461183 -11.357588135921 -11.285931885416 -11.078280341209 -10.800899549383
          1      230.000  -3.758000000000   0.261000000000 -10.164435457923 -10.408291140080 -10.523528403376 -10.698735706643 -10.772313758906 -10.708012385688 -10.542536296576
          1      231.000  -5.604000000000   0.249000000000  -9.793461750960  -9.976368972202 -10.069734045528 -10.228744867500 -10.330501237884 -10.332379798462 -10.242439748789
          1      232.000  -6.833000000000   0.243000000000  -9.580691467802  -9.719195037150  -9.791636228356  -9.919336477729 -10.010040682865 -10.027927378238  -9.971802075474
          1      233.000  -8.471000000000   0.245000000000  -9.517579086666  -9.596223641900  -9.639872520542  -9.720537731349  -9.780736270061  -9.791150753212  -9.745765600882
          1      234.000  -9.017000000000   0.246000000000  -9.525594416966  -9.560393467740  -9.579503085117  -9.613643219266  -9.633507551555  -9.619867001571  -9.568091887193
          1      235.000 -12.592000000000   0.246000000000  -9.681289777466  -9.630257638388  -9.609505787528  -9.577787546205  -9.546674352997  -9.500748638621  -9.433724850674
          1      236.000 -11.646000000000   0.246000000000  -9.885230726171  -9.794940842796  -9.745650612466  -9.650173177954  -9.551184903933  -9.450800796020  -9.350899157066
          1      237.000  -3.679000000000   0.246000000000  -9.493018468197  -9.566321644241  -9.583488406098  -9.577584545188  -9.516925619649  -9.415157688554  -9.299843289488
          1      238.000  -5.421000000000   0.242000000000  -8.877424509787  -9.033318654009  -9.107494625604  -9.223551230769  -9.282139395511  -9.264960258338  -9.193661921033
          1      239.000  -5.812000000000   0.238000000000  -8.648104131729  -8.774922544988  -8.839966026505  -8.953850910855  -9.036230315202  -9.060917273269  -9.030192668561
          1      240.000  -3.229000000000   0.237000000000  -8.349703169401  -8.514235836444  -8.594163330097  -8.730129294378  -8.831003756394  -8.875752115112  -8.866418509293
          1      241.000  -1.696000000000   0.233000000000  -7.891440846405  -8.118363328292  -8.231385724830  -8.429101059727  -8.585853943792  -8.673909956011  -8.694983378374
          1      242.000  -8.346000000000   0.208000000000  -7.835364348302  -7.951063232840  -8.025224976744  -8.181738307174  -8.338968727637  -8.453156845859  -8.504285076591
          1      243.000  -8.404000000000   0.203000000000  -8.139750380696  -8.150325496068  -8.163529028045  -8.203534356734  -8.262873593401  -8.321108859841  -8.353740078247
          1      244.000  -1.562000000000   0.203000000000  -7.888208234548  -8.020395198562  -8.077021400201  -8.164165990670  -8.224365176974  -8.257067781783  -8.264906692453
          1      245.000  -0.608000000000   0.197000000000  -7.146157412781  -7.445555379374  -7.588265180258  -7.828597763084  -8.009836382433  -8.113035850297  -8.151098489604
          1      246.000   2.946000000000   0.185000000000  -6.309489361751  -6.741531506723  -6.954909184973  -7.332338954214  -7.645384237206  -7.852690138513  -7.958001282992
          1      247.000   2.542000000000   0.146000000000  -5.532874970679  -6.051150302474  -6.309918776161  -6.782312740926  -7.202558845138  -7.511123740607  -7.693819929279
          1      248.000   2.742000000000   0.107000000000  -4.775765204440  -5.338806395771  -5.634043500851  -6.194870592786  -6.718509902346  -7.124000196557  -7.382973399132
          1      249.000   1.825000000000   0.080000000000  -3.869516748023  -4.538763814212  -4.891478204118  -5.568091413564  -6.205574549542  -6.707433739703  -7.040394491811
          1      250.000  -4.288000000000   0.066000000000  -4.578242130777  -4.759977561788  -4.915820236767  -5.309726742975  -5.816857227015  -6.311453132038  -6.684782406308
          1      251.000  -2.171000000000   0.070000000000  -4.583666894784  -4.909101295582  -5.078882222506  -5.415731122874  -5.785715311266  -6.154791571384  -6.463377399628
          1      252.000  -4.338000000000   0.068000000000  -4.912001457027  -5.051257855539  -5.151787019323  -5.393007810301  -5.705730579327  -6.034980151934  -6.312860556413
          1      253.000  -6.346000000000   0.070000000000  -5.627110661760  -5.578982790495  -5.581180198210  -5.638489375477  -5.789631975333  -6.007180831236  -6.221802925207
          1      254.000  -5.237000000000   0.075000000000  -5.705971036069  -5.761266374469  -5.789732829519  -5.851396541295  -5.943754048376  -6.073935787389  -6.215054483004
          1      255.000   1.317000000000   0.073000000000  -4.069663002757  -4.712489122038  -4.996153849026  -5.461275879807  -5.806433135411  -6.036352115795  -6.191837836498
          1      256.000   4.058000000000   0.065000000000  -2.454395043371  -3.340466955928  -3.768428703748  -4.550171526438  -5.218554162301  -5.692106930317  -5.986295681737
          1      257.000   5.075000000000   0.053000000000  -0.917177209530  -2.059487547074  -2.597973304262  -3.614071805772  -4.517890857941  -5.190288017144  -5.628139547562
          1      258.000   0.950000000000   0.042000000000  -1.287649730346  -1.892750510711  -2.260045489274  -3.053403239968  -3.917962018710  -4.668314653180  -5.206295814840
          1      259.000   1.542000000000   0.035000000000  -0.929850234765  -1.687194125691  -2.065829759119  -2.828700086323  -3.617383095318  -4.320995934227  -4.860773094160
          1      260.000   3.812000000000   0.032000000000  -0.094516665477  -1.114105449124  -1.554335093598  -2.427410962273  -3.284436942379  -4.016309171976  -4.571115257907
          1      261.000   3.042000000000   0.023000000000   0.210936006678  -0.859759957309  -1.259470172806  -2.084768367578  -2.945736562794  -3.704073291506  -4.284882812269
          1      262.000   2.408000000000   0.015000000000   0.417317319814  -0.767354371503  -1.130060589533  -1.886391755638  -2.699671962327  -3.440469892526  -4.023776935218
          1      263.000  -3.538000000000   0.009000000000  -2.654461086536  -1.943572699514  -1.844300301039  -1.965236427895  -2.549915338815  -3.233640590640  -3.801801646801
          1      264.000  -3.971000000000   0.024000000000  -3.360686965521  -3.138264678623  -3.039972878663  -2.901078198560  -2.974038128812  -3.303408415644  -3.713697240830
          1      265.000  -0.746000000000   0.028000000000  -2.090049584232  -2.530731429801  -2.706592405305  -2.996956269716  -3.240267654217  -3.501068891795  -3.788415782439
          1      266.000  -3.900000000000   0.010000000000  -3.489966674313  -3.156274764767  -3.082971119789  -3.067347942885  -3.245464618768  -3.528359332738  -3.811553798464
          1      267.000  -2.633000000000   0.009000000000  -2.849463862643  -3.073576191089  -3.163526673238  -3.312241239360  -3.456548687623  -3.640745541507  -3.853648451670
          1      268.000  -4.025000000000   0.017000000000  -3.693450311938  -3.544584644212  -3.499538741215  -3.466830590059  -3.542410497674  -3.706834805832  -3.896672824013
          1      269.000  -3.908000000000   0.021000000000  -3.814405763729  -3.775970038848  -3.756576127585  -3.727391451586  -3.742066174770  -3.828785612747  -3.961872441781
          1      270.000   0.529000000000   0.020000000000  -1.744155483494  -2.506805682655  -2.817167223448  -3.324563515368  -3.664689757613  -3.868511430378  -4.015757196737
          1      271.000   2.746000000000   0.029000000000  -0.224151580345  -1.256489880984  -1.687763327950  -2.500023342023  -3.174109513010  -3.627709100829  -3.909551698014
          1      272.000   3.096000000000   0.015000000000   0.515069973770  -0.832337633315  -1.209851843980  -1.976978402347  -2.717049312496  -3.294100166305  -3.685808101047
          1      273.000   5.608000000000   0.014000000000   2.494781294818  -0.688629056963  -1.024100615752  -1.716992810311  -2.424004606216  -3.020243633169  -3.456309201427
          1      274.000   5.329000000000   0.012000000000   3.422083959135  -0.589970174691  -0.899312120571  -1.543526098020  -2.218580855515  -2.809458744538  -3.259497331580
          1      275.000   4.450000000000   0.010000000000   3.202223645718  -0.534803923955  -0.821329337473  -1.421648389727  -2.064260087534  -2.641601395658  -3.093057324462
          1      276.000   1.537000000000   0.007000000000   1.139900583848  -0.497335515035  -0.765426688826  -1.329842613906  -1.943214900564  -2.504123604425  -2.950868258831
          1      277.000   1.113000000000   0.006000000000   0.655775972992  -0.479668671616  -0.730258876365  -1.260443263089  -1.845631900877  -2.389027310958  -2.827996328251
          1      278.000   1.446000000000   0.007000000000   0.798038805947  -0.468456377758  -0.705128866132  -1.206806626187  -1.766001883181  -2.291472088347  -2.720863431907
          1      279.000   3.071000000000   0.005000000000   2.341919796450  -0.449373734425  -0.677509199882  -1.160257612870  -1.698519886481  -2.207276284504  -2.626450378505
          1      280.000   4.004000000000   0.001000000000   3.271423648941  -0.426628939449  -0.647803060141  -1.116014356810  -1.638290336442  -2.132872027129  -2.542313888009
          1      281.000   3.567000000000   0.000000000000   3.213323538644  -0.402206631999  -0.617830434243  -1.074256692611  -1.583137422853  -2.065403624262  -2.465906147993
          1      282.000   3.021000000000   0.000000000000   2.738768057424  -0.371544360610  -0.584084471995  -1.033229125565  -1.531682648910  -2.003290660202  -2.395629826568
          1      283.000   5.700000000000   0.000000000000   5.397316904811  -0.345963008706  -0.553616524077  -0.993522198484  -1.482708699635  -1.945150967133  -2.330156687796
          1      284.000  12.479000000000   0.000000000000  11.825619202944  -0.317787770119  -0.524037609455  -0.957473644459  -1.437092574542  -1.890697972063  -2.268868673038
          1      285.000   7.485000000000   0.000000000000   7.277251884628  -0.272021421192  -0.478798978652  -0.914899906786  -1.392215234038  -1.839165308995  -2.211135250302
          1      286.000   6.789000000000   0.000000000000   6.568295318170  -0.253352213969  -0.453817938064  -0.878457308186  -1.348350456139  -1.789321824098  -2.156067515471
          1      287.000   5.349000000000   0.000000000000   5.183113114491  -0.240927253045  -0.435341041145  -0.848085016033  -1.308335340846  -1.742136597245  -2.103543111789
          1      288.000   8.802000000000   0.000000000000   8.480043682011  -0.230286860077  -0.419771055399  -0.821845627643  -1.272106898291  -1.698115318535  -2.053868163633
          1      289.000   8.775000000000   0.000000000000   8.489486292771  -0.204923917341  -0.394764085060  -0.795133884913  -1.238537378580  -1.657071968383  -2.007067146080
          1      290.000   9.054000000000   0.000000000000   8.822416498465  -0.187309461923  -0.373429189785  -0.767803728068  -1.205797739137  -1.618101076284  -1.962726804574
          1      291.000   5.688000000000   0.000000000000   5.582239535469  -0.177366045931  -0.358848370877  -0.744189899912  -1.174764950639  -1.580885620884  -1.920489883669
          1      292.000  15.379000000000   0.000000000000  14.886104023270  -0.168863136764  -0.346580640800  -0.723489810044  -1.146046890097  -1.545646921530  -1.880229574334
          1      293.000  14.773000000000   0.000000000000  14.413789955193  -0.134639621506  -0.318718235149  -0.701168409020  -1.119077218693  -1.512397503986  -1.841954313324
          1      294.000   6.959000000000   0.000000000000   6.919759621788  -0.112986579483  -0.293664299248  -0.674371767271  -1.091437788263  -1.480363416771  -1.805385596971
          1      295.000   4.025000000000   0.000000000000   3.984182622364  -0.108895818096  -0.283320695444  -0.653092748545  -1.064316657703  -1.448965806608  -1.770051078809
          1      296.000   7.034000000000   0.000000000000   6.832135467301  -0.107962171467  -0.277035397859  -0.636089249863  -1.039472189219  -1.418846477976  -1.735914424019
          1      297.000  10.554000000000   0.000000000000  10.283422897309  -0.104531286013  -0.270027868879  -0.621181496494  -1.016887576941  -1.390416896131  -1.703207228429
          1      298.000   4.445000000000   0.000000000000   4.436872200227  -0.100480595368  -0.262779296947  -0.607246856807  -0.996040210881  -1.363702840941  -1.672076994600
          1      299.000  12.200000000000   0.000000000000  11.851366481098  -0.098346308081  -0.257180007646  -0.594474775531  -0.976526874358  -1.338469428906  -1.642435356229
          1      300.000  13.943000000000   0.000000000000  13.638435616172  -0.091640980572  -0.249158932896  -0.582202696573  -0.958204111510  -1.314567936129  -1.614178539967
          1      301.000  11.671000000000   0.000000000000  11.466813056205  -0.082511363913  -0.239149782126  -0.569471234011  -0.940651676084  -1.291823415697  -1.587197827799
          1      302.000  11.733000000000   0.000000000000  11.496941901921  -0.074319695237  -0.229554622500  -0.556657354698  -0.923541538016  -1.269975430036  -1.561319154044
          1      303.000  12.067000000000   0.000000000000  11.820498500317  -0.067177009135  -0.220817124440  -0.544254832851  -0.906926312918  -1.248927306706  -1.536452634198
          1      304.000  12.300000000000   0.000000000000  12.050333932298  -0.060931241146  -0.212785578160  -0.532362444394  -0.890839630824  -1.228592176058  -1.512468998158
          1      305.000  15.242000000000   0.000000000000  14.898729200709  -0.045896128709  -0.201115504009  -0.520663152836  -0.875312674350  -1.208946084325  -1.489306861978
          1      306.000  16.104000000000   0.000000000000  15.773150589915  -0.013139276076  -0.178158193851  -0.505935613736  -0.859904833131  -1.189914880087  -1.466914336644
          1      307.000  14.825000000000   0.000000000000  14.598126089921  -0.001303875515  -0.161514252622  -0.489231208037  -0.843822706779  -1.171185244596  -1.445149092905
          1      308.000  12.146000000000   0.000000000000  12.034431375932   0.000972630929  -0.155581569193  -0.475809830453  -0.827547018819  -1.152534142948  -1.423854288127
          1      309.000  11.929000000000   0.000000000000  11.786193912422   0.003429658075  -0.150291262399  -0.464450913983  -0.812100574387  -1.134200232318  -1.402962637993
          1      310.000  13.492000000000   0.000000000000  13.293171538774   0.005800865348  -0.145634727961  -0.454330256318  -0.797606059163  -1.116444085893  -1.382573443645
          1      311.000  16.154000000000   0.000000000000  15.896942330663   0.009578829972  -0.140846238281  -0.445023688355  -0.783973454976  -1.099360032992  -1.362773447732
          1      312.000  17.779000000000   0.000000000000  17.518939116933   0.015811812971  -0.135285286862  -0.436125200502  -0.771065833193  -1.082952589281  -1.343601661052
          1      313.000  15.433000000000   0.000000000000  15.280537309357   0.023853955496  -0.129185963994  -0.427377078630  -0.758726369417  -1.067178213288  -1.325059044103
          1      314.000   8.696000000000   0.000000000000   8.720499811041   0.030414848333  -0.123810401484  -0.418853409220  -0.746833054251  -1.051971520354  -1.307120451452
          1      315.000  11.146000000000   0.000000000000  10.971823786757   0.031905553527  -0.120027271190  -0.410876497859  -0.735356328135  -1.037275760330  -1.289749085066
          1      316.000  15.321000000000   0.000000000000  15.046118324808   0.051218387706  -0.116624016252  -0.403558412832  -0.724341377267  -1.023065456079  -1.272912624203
          1      317.000  16.975000000000   0.000000000000  16.722457325171   0.083535813652  -0.109941805708  -0.396265655601  -0.713789011088  -1.009336457435  -1.256591188232
          1      318.000  12.033000000000   0.000000000000  11.973755914091   0.108802226194  -0.100519468498  -0.388236642353  -0.703528906817  -0.996059406333  -1.240767537783
          1      319.000  11.479000000000   0.000000000000  11.354952053590   0.135026595852  -0.093237593955  -0.379875767297  -0.693357747655  -0.983152598005  -1.225406695199
          1      320.000   9.450000000000   0.000000000000   9.374808151378   0.228838595485  -0.088281463881  -0.371981919568  -0.683282208727  -0.970537234954  -1.210456704751
          1      321.000  10.083000000000   0.000000000000   9.951438176263   0.354273443553  -0.085384850711  -0.364824280565  -0.673437005183  -0.958195121243  -1.195875580024
          1      322.000  13.742000000000   0.000000000000  13.503481062970   0.717981296725  -0.083332806025  -0.358431536922  -0.663937997195  -0.946148042254  -1.181642527742
          1      323.000  13.912000000000   0.000000000000  13.740881911092   1.835246878721  -0.081526046467  -0.352598435924  -0.654841764734  -0.934427469639  -1.167755177353
          1      324.000   8.408000000000   0.000000000000   8.432787017735   2.349287176620  -0.079927116553  -0.347222147663  -0.646161789021  -0.923069147741  -1.154233426891
          1      325.000   7.430000000000   0.000000000000   7.391895277500   1.907621768382  -0.078514006606  -0.342184586550  -0.637871944495  -0.912078739630  -1.141081655930
          1      326.000   8.367000000000   0.000000000000   8.269883485951   1.468848630945  -0.077877149075  -0.337517017412  -0.629932630356  -0.901441707640  -1.128290576876
          1      327.000  11.146000000000   0.000000000000  10.968211417888   1.218514157688  -0.077070700962  -0.333200617985  -0.622331695272  -0.891147532012  -1.115854582441
          1      328.000   6.879000000000   0.000000000000   6.887422328193   1.401052910898  -0.076135476310  -0.329103194432  -0.615054752623  -0.881189437913  -1.103768815756
          1      329.000   8.537000000000   0.000000000000   8.419607093750   1.015144901861  -0.075291659728  -0.325182221796  -0.608069352324  -0.871555427944  -1.092025378682
          1      330.000   4.450000000000   0.000000000000   4.483788292888   0.679207028211  -0.074564010151  -0.321441085261  -0.601345424505  -0.862227607447  -1.080612401142
          1      331.000   1.942000000000   0.000000000000   1.979240480431   0.105957910800  -0.074529514955  -0.317902038254  -0.594869670505  -0.853196234059  -1.069525575471
          1      332.000   2.254000000000   0.000000000000   2.227153614369   0.024656864270  -0.076032330519  -0.314762031839  -0.588630653470  -0.844438831922  -1.058743531562
          1      333.000   7.062000000000   0.000000000000   6.881485064738   0.032709777904  -0.077317119814  -0.312043015266  -0.582654231161  -0.835947380611  -1.048254455019
          1      334.000   5.792000000000   0.000000000000   5.735555582939   0.045338953169  -0.078091601001  -0.309553113615  -0.576954409564  -0.827722479237  -1.038050263855
          1      335.000   7.217000000000   0.000000000000   7.100093374379   0.046042325635  -0.078360871344  -0.307141637083  -0.571509416796  -0.819762923660  -1.028125773111
          1      336.000  10.100000000000   0.000000000000   9.915578071153   0.062489210241  -0.078045833829  -0.304739590355  -0.566279934667  -0.812059093832  -1.018475024598
          1      337.000  12.463000000000   0.000000000000  12.255974522020   0.104712535244  -0.076042290286  -0.302199506489  -0.561224732493  -0.804594360305  -1.009089077911
          1      338.000  12.162000000000   0.000000000000  12.011679248477   0.390003267800  -0.071837484006  -0.299233394738  -0.556287628603  -0.797346675198  -0.999955283730
          1      339.000   7.554000000000   0.000000000000   7.558128826065   1.432899326365  -0.069129673672  -0.295863700711  -0.551389381988  -0.790283748500  -0.991053882477
          1      340.000   7.858000000000   0.000000000000   7.778657272379   1.459369153590  -0.068047166253  -0.292602528758  -0.546486198898  -0.783375929779  -0.982373697136
          1      341.000   5.583000000000   0.000000000000   5.574976211148   1.183370505872  -0.067322964483  -0.289579389486  -0.541613629139  -0.776592543178  -0.973886824165
          1      342.000   5.338000000000   0.000000000000   5.292402161186   0.629546563830  -0.066795988182  -0.286751496498  -0.536820332074  -0.769929383630  -0.965579070565
          1      343.000   5.362000000000   0.000000000000   5.302033675802   0.250595035223  -0.066570799706  -0.284097387940  -0.532134434782  -0.763392239723  -0.957442065958
          1      344.000   8.138000000000   0.000000000000   7.985469568860   0.161678125733  -0.066653419813  -0.281624418241  -0.527566920035  -0.756984352041  -0.949467695168
          1      345.000   8.263000000000   0.000000000000   8.154264868123   0.248871885060  -0.066160105650  -0.279288667465  -0.523126080207  -0.750709770667  -0.941653176980
          1      346.000   7.267000000000   0.000000000000   7.197602617523   0.426634394161  -0.065162010882  -0.276951440490  -0.518809594152  -0.744571078722  -0.933996671540
          1      347.000   9.029000000000   0.000000000000   8.888979023998   0.618019294063  -0.064333452851  -0.274599200401  -0.514598833328  -0.738567202382  -0.926496319875
          1      348.000  10.875000000000   0.000000000000  10.709321892349   1.151459267984  -0.063583098081  -0.272279891817  -0.510475700396  -0.732690626182  -0.919146753400
          1      349.000   6.875000000000   0.000000000000   6.879581291652   1.736234725633  -0.062874592421  -0.270004220849  -0.506434708380  -0.726936270117  -0.911945709956
          1      350.000   8.933000000000   0.000000000000   8.807933354876   1.624315633313  -0.062198369639  -0.267775643461  -0.502474200515  -0.721299762525  -0.904890028563
          1      351.000   9.113000000000   0.000000000000   9.013236477071   1.721817062461  -0.061572733844  -0.265597688222  -0.498591049778  -0.715774475029  -0.897972320642
          1      352.000   8.517000000000   0.000000000000   8.442430932547   1.764226434319  -0.060825445482  -0.263461776922  -0.494783813999  -0.710356427368  -0.891187788371
          1      353.000  12.263000000000   0.000000000000  12.059877969354   1.889220079475  -0.059989530693  -0.261347694084  -0.491049905228  -0.705042150594  -0.884532022502
          1      354.000  15.354000000000   0.000000000000  15.120385640359   2.373185050739  -0.058820925282  -0.259238113694  -0.487384589171  -0.699828166648  -0.878000910460
          1      355.000  11.938000000000   0.000000000000  11.878106004747   2.681592781546  -0.056963663734  -0.257072411325  -0.483781026140  -0.694710600195  -0.871590448830
          1      356.000  10.925000000000   0.000000000000  10.844517128506   2.477008750542  -0.054773189150  -0.254789485811  -0.480226620954  -0.689684724382  -0.865296551137
          1      357.000  10.200000000000   0.000000000000  10.118728584655   2.259882536875  -0.052770635374  -0.252415575829  -0.476704618816  -0.684744090083  -0.859114740294
          1      358.000   7.084000000000   0.000000000000   7.084459858300   1.987873913495  -0.051075550123  -0.250019136527  -0.473204102134  -0.679880849651  -0.853039839999
          1      359.000  10.579000000000   0.000000000000  10.408551788837   1.781425329627  -0.049762310632  -0.247655897851  -0.469724531971  -0.675087805605  -0.847066168638
          1      360.000   8.992000000000   0.000000000000   8.927755942372   1.914631843850  -0.048699770365  -0.245367147180  -0.466272665339  -0.670360134203  -0.841188238194
          1      361.000   6.754000000000   0.000000000000   6.737641240936   1.764005346320  -0.047680209597  -0.243156122312  -0.462858402169  -0.665695747890  -0.835401420272
          1      362.000   2.996000000000   0.000000000000   3.055848120734   1.348959600546  -0.046823574097  -0.241012529974  -0.459490019966  -0.661094665245  -0.829702255979
          1      363.000   6.104000000000   0.000000000000   5.990391043872   1.009006020179  -0.046362510893  -0.238951317413  -0.456172603485  -0.656557827011  -0.824088367494
          1      364.000   9.492000000000   0.000000000000   9.317149277700   1.273013232844  -0.046301104513  -0.237008630416  -0.452910974119  -0.652086309012  -0.818558124315
          1      365.000   7.571000000000   0.000000000000   7.523521411859   1.595442567838  -0.046211517193  -0.235193897285  -0.449712148438  -0.647681426895  -0.813110379183
