   1.0000000000000000     
  0.53700000000027004     
  0.53753276124603966     
  0.53804842601799829     
  0.53854699437011244     
  0.53902846635634893     
  0.53949284203067382     
  0.53994012144705317     
  0.54037030465945268     
  0.54078339172183787     
  0.54117938268817334     
  0.54155827761242359     
  0.54192007654855201     
  0.54226477955052166     
  0.54259238667229470     
  0.54290289796783242     
  0.54319631349109543     
  0.54347263329604301     
  0.54373185743663377     
  0.54397398596682511     
  0.54419901894057321     
  0.54440695641183301     
  0.54459779843455802     
  0.54477154506270076     
  0.54492819635021184     
  0.54506775235104077     
  0.54519021311913507     
  0.54529557870844114     
  0.54538384917290306     
  0.54545502456646333     
  0.54547870811913846     
  0.54549965647255216     
  0.54551786963015636     
  0.54552595051182440     
  0.54553334759583461     
  0.54554006088261842     
  0.54554316110221213     
  0.54554493917837887     
  0.54554551819450547     
  0.54554609037266788     
  0.68688114009096957     
  0.82300838038240864     
   1.2006438776743844     
   1.7325473698986573     
   2.4617644984554170     
   2.8250899299082777     
   2.8966800656373763     
   2.7425746863406837     
   1.2671658909672843     
   1.3003022096187093E-002
  -2.7513215007843969E-002
  -4.5899018741213868E-002
  -9.6972341648884214E-002
 -0.13033317396992891     
 -0.16328763545128669     
 -0.19910106471600109     
 -0.23346442562352493     
 -0.26653383914388173     
 -0.29852760146356855     
 -0.32959918536267574     
 -0.35986208031891948     
 -0.38940337222133647     
 -0.41829179911859776     
 -0.44658284002087145     
 -0.47432209145603987     
 -0.50154759739449917     
 -0.52829150891940424     
 -0.55458129796728650     
 -0.58044066481962986     
 -0.60589022957393279     
 -0.63094806772141498     
 -0.64334507353769843     
 -0.67993436198366131     
 -0.70390590367814876     
 -0.72753981074108576     
 -0.75084630752845882     
 -0.77383464717979467     
 -0.79651323591552181     
 -0.80774442086458742     
 -0.84096171175808354     
 -0.86275451180609175     
 -0.88426457720139751     
 -0.90549736512346701     
 -0.92645792145775685     
 -0.94715092242636967     
 -0.96548716165379345     
 -0.98365679436755427     
  -1.0016816433923128     
  -1.0195625983716781     
  -1.0373004961776258     
  -1.0548961247759852     
  -1.0723502267595972     
  -1.0896635025841492     
  -1.1068366135373040     
  -1.1238701844680019     
  -1.1658254678361499     
  -1.2069226438769227     
  -1.2471688606571496     
  -1.2865704200787211     
  -1.3251329096264635     
  -1.3628613133782592     
  -1.3997601061919189     
  -1.4358333341306253     
  -1.4710846835445146     
  -1.5055175407339676     
  -1.5391350437407727     
  -1.5719401275180380     
  -1.6039355634979697     
  -1.6351239943932887     
  -1.6655079649219329     
  -1.6950899490274147     
  -1.7238723740724844     
  -1.7518576424067538     
  -1.7790481506460138     
  -1.8054463069492526     
  -1.8558646771088476     
  -1.9031452232571766     
  -1.9473087341813065     
  -1.9883773846743373     
  -2.0263749876168444     
  -2.0613272017935200     
  -2.0932617033413656     
  -2.1222083270225061     
  -2.1481991822406821     
  -2.1712687477576225     
  -2.1914539483307767     
  -2.2087942159281235     
  -2.2233315377363532     
  -2.2351104928344836     
  -2.2441782791329601     
  -2.2505847319613963     
  -2.2543823355133412     
  -2.2556262282139725     
  -2.2543742029586094     
  -2.2506867030704720     
  -2.2446268147400992     
  -2.2362602566322702     
  -2.2256553672755857     
  -2.2128830907818586     
  -2.1980169613742024     
  -2.1811330871312578     
  -2.1623101332774968     
  -2.1416293052630206     
  -2.0949208038521765     
  -2.0127957357326607     
  -1.8847052299172793     
  -1.7791984713090583     
  -1.5915455804785297     
  -1.4045629342645640     
  -1.2339061433324749     
  -1.1083107036170552     
  -1.0000747071785003     
 -0.90459386763939809     
 -0.82208909281991882     
 -0.75226152890412223     
 -0.69437780715982578     
 -0.64737193376464974     
 -0.60995801952716588     
 -0.58074444232033295     
 -0.55833800224517882     
 -0.54142784465594429     
 -0.52061100097984181     
 -0.50984919803874063     
 -0.50454083136988159     
 -0.50202659248461468     
 -0.50087761293237942     
 -0.50036884053956876     
 -0.50014897453369289     
 -0.50005362274397613     
 -0.50000730001869387     
 -0.50000027148741710     
 -0.50000000494291374     
 -0.50000000002008238     
 -0.50000000000015632     
 -0.50000000000000000     
 -0.50000000000000000     
 -0.50000000000000022     
